context_id,g567_evaluation_uid,split,map,map_family,ltm_target_map,ltm_target_match_type,agent_count,official_scenario,map_source_type,scenario_source_type,complete_triple,ltm_30s_present,ltm_30s_success,ltm_30s_ratio,ltm_30s_solver_wall_ms,ltm_30s_actor_inference_ms,ltm_30s_total_method_ms,ltm_30s_hard_timeout,ltm_30s_infrastructure_failure,static_flow_30s_present,static_flow_30s_success,static_flow_30s_ratio,static_flow_30s_solver_wall_ms,static_flow_30s_actor_inference_ms,static_flow_30s_total_method_ms,static_flow_30s_hard_timeout,static_flow_30s_infrastructure_failure,gate3b_actor_30s_present,gate3b_actor_30s_success,gate3b_actor_30s_ratio,gate3b_actor_30s_solver_wall_ms,gate3b_actor_30s_actor_inference_ms,gate3b_actor_30s_total_method_ms,gate3b_actor_30s_hard_timeout,gate3b_actor_30s_infrastructure_failure,actor_vs_ltm_both_success,actor_vs_ltm_success_gain,actor_vs_ltm_success_regression,actor_vs_ltm_relative_quality_improvement,actor_vs_ltm_harmful_quality_delta,actor_vs_ltm_runtime_change_ms,actor_vs_static_flow_both_success,actor_vs_static_flow_success_gain,actor_vs_static_flow_success_regression,actor_vs_static_flow_relative_quality_improvement,actor_vs_static_flow_harmful_quality_delta,actor_vs_static_flow_runtime_change_ms,static_flow_vs_ltm_both_success,static_flow_vs_ltm_success_gain,static_flow_vs_ltm_success_regression,static_flow_vs_ltm_relative_quality_improvement,static_flow_vs_ltm_harmful_quality_delta,static_flow_vs_ltm_runtime_change_ms
g567_gate3b_calibration_00078,d9c3c0fc9274df0d53212f9c59be09d2cf8fc8f5831eacd6b3d670167f45d9d2,CALIBRATION,warehouse_small,warehouse,warehouse-10-20-10-2-2,fallback_same_family,16,False,canonical_public_benchmark_map,czr004_derived_on_public_parent_map,True,True,True,1.05532786885,55.837901309132576,0.0,55.837901309132576,False,False,True,True,1.03073770492,67.51066539436579,0.0,67.51066539436579,False,False,True,False,nan,13.104148209095001,15.325724667705158,28.42987287680016,False,False,False,False,True,nan,nan,-27.408028432332415,False,False,True,nan,nan,-39.08079251756563,True,False,False,0.023300970869646647,0.0,11.672764085233212
g567_gate3b_calibration_00079,c8805c78c8ac423a533892814d6debeaa28cc5fd4f1d9b8b28f1c59ccc827a08,CALIBRATION,warehouse_small,warehouse,warehouse-10-20-10-2-2,fallback_same_family,16,False,canonical_public_benchmark_map,czr004_derived_on_public_parent_map,True,True,True,1.07223476298,56.220256723463535,0.0,56.220256723463535,False,False,True,True,1.0316027088,68.03352292627096,0.0,68.03352292627096,False,False,True,False,nan,14.241850934922695,15.325724667705158,29.567575602627855,False,False,False,False,True,nan,nan,-26.65268112083568,False,False,True,nan,nan,-38.46594732364311,True,False,False,0.037894736845757296,0.0,11.813266202807426
g567_gate3b_calibration_00080,f01fc3ae19e9a9363a2268ca61a156919b1dcbb501a73d9e0684e2c2e7991ed4,CALIBRATION,warehouse_small,warehouse,warehouse-10-20-10-2-2,fallback_same_family,16,False,canonical_public_benchmark_map,czr004_derived_on_public_parent_map,True,True,True,1.0498960499,63.99940699338913,0.0,63.99940699338913,False,False,True,True,1.02286902287,68.56376118957996,0.0,68.56376118957996,False,False,True,False,nan,9.62868146598339,15.325724667705158,24.95440613368855,False,False,False,False,True,nan,nan,-39.04500085970058,False,False,True,nan,nan,-43.60935505589141,True,False,False,0.025742574260160713,0.0,4.564354196190834
g567_gate3b_calibration_00081,1ffdfc0514ae71b112decae09fa923b36b90b0f0d9f8689e08c7d66cb196ff29,CALIBRATION,warehouse_small,warehouse,warehouse-10-20-10-2-2,fallback_same_family,16,False,canonical_public_benchmark_map,czr004_derived_on_public_parent_map,True,True,True,1.07505070994,55.88493496179581,0.0,55.88493496179581,False,False,True,True,1.03651115619,68.25987063348293,0.0,68.25987063348293,False,False,True,False,nan,11.233960278332233,15.325724667705158,26.559684946037393,False,False,False,False,True,nan,nan,-29.325250015758414,False,False,True,nan,nan,-41.70018568744554,True,False,False,0.035849056601386646,0.0,12.374935671687126
g567_gate3b_calibration_00082,04d716179885440503ffccadd924bc2bdc1827c6432cba4120a1342be60b3f78,CALIBRATION,warehouse_small,warehouse,warehouse-10-20-10-2-2,fallback_same_family,16,False,canonical_public_benchmark_map,czr004_derived_on_public_parent_map,True,True,True,1.00722891566,53.95111721009016,0.0,53.95111721009016,False,False,True,True,1.00722891566,70.93226071447134,0.0,70.93226071447134,False,False,True,False,nan,32.668935135006905,15.325724667705158,47.994659802712064,False,False,False,False,True,nan,nan,-5.956457407378096,False,False,True,nan,nan,-22.937600911759276,True,False,False,0.0,0.0,16.98114350438118
g567_gate3b_calibration_00086,2e990b94a01306b0fd7e4277e32f87716bc55140b641beabe4cd6d5eafb62b66,CALIBRATION,warehouse_small,warehouse,warehouse-10-20-10-2-2,fallback_same_family,192,False,canonical_public_benchmark_map,czr004_derived_on_public_parent_map,True,True,True,1.24791265254,454.6222034841776,0.0,454.6222034841776,False,False,True,True,1.25240847784,556.7051423713565,0.0,556.7051423713565,False,False,True,True,1.28692999358,552.098274230957,15.325724667705158,567.4239988986621,False,False,True,False,False,-0.03126608337577494,0.03126608337577494,112.80179541448456,True,False,False,-0.02756410256782877,0.02756410256782877,10.718856527305661,True,False,False,-0.0036026762697286834,0.0036026762697286834,102.0829388871789
g567_gate3b_calibration_00087,4076d31fe2928b2e0f299c91b7349b6faecec2f2f8ea68b1c55b58e0fba17ece,CALIBRATION,warehouse_small,warehouse,warehouse-10-20-10-2-2,fallback_same_family,192,False,canonical_public_benchmark_map,czr004_derived_on_public_parent_map,True,True,True,1.27691569349,434.78226382285357,0.0,434.78226382285357,False,False,True,True,1.28603423452,551.7360484227538,0.0,551.7360484227538,False,False,True,True,1.30331147016,548.4011685475707,15.325724667705158,563.7268932152758,False,False,True,False,False,-0.020671510895019597,0.020671510895019597,128.94462939242226,True,False,False,-0.013434506777689715,0.013434506777689715,11.990844792522012,True,False,False,-0.0071410673989586336,0.0071410673989586336,116.95378459990025
g567_gate3b_calibration_00088,c60ea21bb305fe4662009c9bed87c54d3d7b93d7e4b1862b509bda520b276eda,CALIBRATION,warehouse_small,warehouse,warehouse-10-20-10-2-2,fallback_same_family,192,False,canonical_public_benchmark_map,czr004_derived_on_public_parent_map,True,True,True,1.26361655773,465.6034801155329,0.0,465.6034801155329,False,False,True,True,1.28976034858,552.9087651520967,0.0,552.9087651520967,False,False,True,True,1.27752639517,546.8977969139814,15.325724667705158,562.2235215816866,False,False,True,False,False,-0.011007957560312462,0.011007957560312462,96.62004146615368,True,False,False,0.009485446985146763,0.0,9.314756429589806,True,False,False,-0.02068965517274123,0.02068965517274123,87.30528503656387
g567_gate3b_calibration_00092,ad45ddc2e30608df64d57ea8a7983794fb5b7714c0cdc1ca7cb2a34466bb1941,CALIBRATION,warehouse_small,warehouse,warehouse-10-20-10-2-2,fallback_same_family,768,False,canonical_public_benchmark_map,czr004_derived_on_public_parent_map,True,True,True,2.95001540018,3005.6469785049558,0.0,3005.6469785049558,False,False,True,True,3.26052712633,3061.728311702609,0.0,3061.728311702609,False,False,True,True,3.54697056365,2906.0811763629317,15.325724667705158,2921.406901030637,False,False,True,False,False,-0.2023566261496723,0.2023566261496723,-84.2400774743187,True,False,False,-0.08785187984079629,0.08785187984079629,-140.321410671972,True,False,False,-0.10525766276713462,0.10525766276713462,56.081333197653294
g567_gate3b_calibration_00093,a9ac363e1f4a1211e44890d7a7320bf2e62754d0844a5a40d5e5de8acf379706,CALIBRATION,warehouse_small,warehouse,warehouse-10-20-10-2-2,fallback_same_family,768,False,canonical_public_benchmark_map,czr004_derived_on_public_parent_map,True,True,True,2.96688514758,3044.5288084447384,0.0,3044.5288084447384,False,False,True,True,3.16321809536,2757.3103113099933,0.0,2757.3103113099933,False,False,True,True,3.2180096817,2762.821029871702,15.325724667705158,2778.1467545394075,False,False,True,False,False,-0.08464248584911839,0.08464248584911839,-266.38205390533085,True,False,False,-0.017321469683159545,0.017321469683159545,20.83644322941427,True,False,False,-0.06617477186137209,0.06617477186137209,-287.2184971347451
g567_gate3b_calibration_00094,6a0ee6b1062fcc3511c1b065f3809247bd0e5f90c325f9f8a36b27aa1369230a,CALIBRATION,warehouse_small,warehouse,warehouse-10-20-10-2-2,fallback_same_family,768,False,canonical_public_benchmark_map,czr004_derived_on_public_parent_map,True,True,True,2.92074722809,2660.49824655056,0.0,2660.49824655056,False,False,True,True,3.16553777126,2760.7199447229505,0.0,2760.7199447229505,False,False,True,True,3.42340049182,2800.0943595543504,15.325724667705158,2815.4200842220557,False,False,True,False,False,-0.1720974889219379,0.1720974889219379,154.92183767149572,True,False,False,-0.0814593725278347,0.0814593725278347,54.70013949910526,True,False,False,-0.08381093057822692,0.08381093057822692,100.22169817239046
g567_gate3b_calibration_00095,8fe9862d70b05fea30ab75033d2c2441f85f0b250a43494bf00e574d8d25ca0a,CALIBRATION,warehouse_small,warehouse,warehouse-10-20-10-2-2,fallback_same_family,768,False,canonical_public_benchmark_map,czr004_derived_on_public_parent_map,True,True,True,2.90353585874,2632.282081991434,0.0,2632.282081991434,False,False,True,True,3.17000826338,2727.532336488366,0.0,2727.532336488366,False,False,True,True,3.42673857261,2809.5590667799115,15.325724667705158,2824.884791447617,False,False,True,False,False,-0.18019502404115156,0.18019502404115156,192.60270945618277,True,False,False,-0.08098726813925178,0.08098726813925178,97.35245495925074,True,False,False,-0.09177513817777909,0.09177513817777909,95.25025449693203
g567_gate3b_calibration_00096,121b80347a4b89054d0a56305c6afcf37183c2fc7dcffec2526cbe44ab32e959,CALIBRATION,warehouse_small,warehouse,warehouse-10-20-10-2-2,fallback_same_family,768,False,canonical_public_benchmark_map,czr004_derived_on_public_parent_map,True,True,True,3.13405938027,3079.861427657306,0.0,3079.861427657306,False,False,True,True,3.27300229051,2784.2306634411216,0.0,2784.2306634411216,False,False,True,True,3.43411556247,2871.0569282993674,15.325724667705158,2886.3826529670728,False,False,True,False,False,-0.09574042664569749,0.09574042664569749,-193.47877469023342,True,False,False,-0.04922491879310461,0.04922491879310461,102.1519895259512,True,False,False,-0.044333209228483085,0.044333209228483085,-295.6307642161846
g567_gate3b_calibration_00172,b74e4c3ef4e4e8883ec2275125b5314405a164296ac7da35a4b61b36bec3d9c4,CALIBRATION,empty_32_32,empty,empty-32-32,normalized,16,False,canonical_public_benchmark_map,czr004_derived_on_public_parent_map,True,True,True,1.0524691358,43.82931999862194,0.0,43.82931999862194,False,False,True,True,1.01234567901,52.435630932450294,0.0,52.435630932450294,False,False,True,True,1.0,52.34744772315025,15.325724667705158,67.67317239085541,False,False,True,False,False,0.04985337243178852,0.0,23.843852392233472,True,False,False,0.01219512194893075,0.0,15.237541458405119,True,False,False,0.03812316715539731,0.0,8.606310933828354
g567_gate3b_calibration_00173,420cf897b27c80702f10247a5f882cfc020e6141c3afa7124ab670d8b3b3fcd3,CALIBRATION,empty_32_32,empty,empty-32-32,normalized,16,False,canonical_public_benchmark_map,czr004_derived_on_public_parent_map,True,True,True,1.01960784314,42.61133633553982,0.0,42.61133633553982,False,False,True,True,1.01960784314,50.73727387934923,0.0,50.73727387934923,False,False,True,True,1.00980392157,52.954441867768764,15.325724667705158,68.28016653547392,False,False,True,False,False,0.009615384616704758,0.0,25.668830199934106,True,False,False,0.009615384616704758,0.0,17.542892656124693,True,False,False,0.0,0.0,8.125937543809414
g567_gate3b_calibration_00174,19ee9fa7c5751d2209f28f334f769efb1af27ccd047ffc0caad3775a261b7755,CALIBRATION,empty_32_32,empty,empty-32-32,normalized,16,False,canonical_public_benchmark_map,czr004_derived_on_public_parent_map,True,True,True,1.0,49.07862935215235,0.0,49.07862935215235,False,False,True,True,1.0,65.46893436461687,0.0,65.46893436461687,False,False,True,True,1.0,53.023893386125565,15.325724667705158,68.34961805383072,False,False,True,False,False,0.0,0.0,19.270988701678377,True,False,False,0.0,0.0,2.8806836892138534,True,False,False,0.0,0.0,16.390305012464523
g567_gate3b_calibration_00175,598862a2ea6b63331ff9c8a37a01fa345f70de8e819242122f4106bbf8d76ea7,CALIBRATION,empty_32_32,empty,empty-32-32,normalized,16,False,canonical_public_benchmark_map,czr004_derived_on_public_parent_map,True,True,True,1.0,44.354951940476894,0.0,44.354951940476894,False,False,True,True,1.0,57.661923579871655,0.0,57.661923579871655,False,False,True,True,1.0,50.72777532041073,15.325724667705158,66.05349998811589,False,False,True,False,False,0.0,0.0,21.698548047638994,True,False,False,0.0,0.0,8.391576408244234,True,False,False,0.0,0.0,13.30697163939476
g567_gate3b_calibration_00176,b9bd06b446452d3ea90dc83f08a6a781f1fa66472dd4d54aa0841f1f35b2022d,CALIBRATION,empty_32_32,empty,empty-32-32,normalized,16,False,canonical_public_benchmark_map,czr004_derived_on_public_parent_map,True,True,True,1.02538071066,46.98844160884619,0.0,46.98844160884619,False,False,True,True,1.0076142132,55.013530887663364,0.0,55.013530887663364,False,False,True,True,1.0076142132,54.10182196646929,15.325724667705158,69.42754663417445,False,False,True,False,False,0.017326732671384237,0.0,22.43910502532826,True,False,False,0.0,0.0,14.414015746511083,True,False,False,0.017326732671384237,0.0,8.025089278817177
g567_gate3b_calibration_00205,e3a846bea3d70889cd5ba8cea796de226fe80fcb37f09558e9792c36803948b2,CALIBRATION,empty_32_32,empty,empty-32-32,normalized,64,True,canonical_public_benchmark_map,movingai_official_even,True,True,True,1.0498245614,128.00250574946404,0.0,128.00250574946404,False,False,True,True,1.0449122807,164.08396791666746,0.0,164.08396791666746,False,False,True,True,1.03649122807,154.11188919097185,15.325724667705158,169.437613858677,False,False,True,False,False,0.012700534756225474,0.0,41.43510810921296,True,False,False,0.008059100065661545,0.0,5.3536459420095355,True,False,False,0.0046791443833711956,0.0,36.081462167203426
g567_gate3b_calibration_00206,133fc6f54b3f92e98def7680ff114eb96646ac41ef25132a85c8639524765814,CALIBRATION,empty_32_32,empty,empty-32-32,normalized,64,True,canonical_public_benchmark_map,movingai_official_even,True,True,True,1.0519005848,124.01741649955511,0.0,124.01741649955511,False,False,True,True,1.04459064327,154.986634850502,0.0,154.986634850502,False,False,True,True,1.03801169591,152.44633983820677,15.325724667705158,167.7720645059119,False,False,True,False,False,0.013203613621567358,0.0,43.7546480063568,True,False,False,0.006298110558797611,0.0,12.7854296554099,True,False,False,0.006949270335646623,0.0,30.969218350946903
g567_gate3b_calibration_00207,6f9aa6977fd66aec400c4e698483c51d5a71d18af034883a4b238b20bbe2c0c3,CALIBRATION,empty_32_32,empty,empty-32-32,normalized,64,True,canonical_public_benchmark_map,movingai_official_even,True,True,True,1.07585247042,124.18902479112148,0.0,124.18902479112148,False,False,True,True,1.05010438413,153.59045565128326,0.0,153.59045565128326,False,False,True,True,1.04592901879,153.58376409858465,15.325724667705158,168.9094887662898,False,False,True,False,False,0.02781371280238658,0.0,44.720463975168315,True,False,False,0.003976143136912139,0.0,15.319033115006533,True,False,False,0.02393272962411695,0.0,29.40143086016178
g567_gate3b_calibration_00208,f703b4250dfdffc0facd9ec286cbc2e9f3a5f72f729bd57ba95a8c9570d1bf1e,CALIBRATION,empty_32_32,empty,empty-32-32,normalized,64,True,canonical_public_benchmark_map,movingai_official_even,True,True,True,1.06730769231,127.77306884527206,0.0,127.77306884527206,False,False,True,True,1.04258241758,159.62730813771486,0.0,159.62730813771486,False,False,True,True,1.03777472527,160.08974704891443,15.325724667705158,175.41547171661958,False,False,True,False,False,0.02767052767705726,0.0,47.642402871347514,True,False,False,0.0046113307005113515,0.0,15.788163578904715,True,False,False,0.023166023170400334,0.0,31.8542392924428
g567_gate3b_calibration_00209,aab6ec7e6df409d8838e1062fa4954395d9afceae1ccda2b0603da6acd4bcdd4,CALIBRATION,empty_32_32,empty,empty-32-32,normalized,64,True,canonical_public_benchmark_map,movingai_official_even,True,True,True,1.05765124555,122.98347149044275,0.0,122.98347149044275,False,False,True,True,1.05053380783,157.22938440740108,0.0,157.22938440740108,False,False,True,True,1.04483985765,153.37024442851543,15.325724667705158,168.69596909622058,False,False,True,False,False,0.01211305518137772,0.0,45.71249760577783,True,False,False,0.005420054202502517,0.0,11.466584688819495,True,False,False,0.006729475098664355,0.0,34.24591291695833
g567_gate3b_calibration_00210,15f476960e5111d990f10111a374d9a7f96475ed86339f8a018b5ce898e917b2,CALIBRATION,empty_32_32,empty,empty-32-32,normalized,64,True,canonical_public_benchmark_map,movingai_official_random,True,True,True,1.07363420428,128.14301438629627,0.0,128.14301438629627,False,False,True,True,1.03879651623,156.0296518728137,0.0,156.0296518728137,False,False,True,True,1.0253365004,152.94380951672792,15.325724667705158,168.26953418443307,False,False,True,False,False,0.044985250737600596,0.0,40.1265197981368,True,False,False,0.01295731706807132,0.0,12.239882311619368,True,False,False,0.03244837758625893,0.0,27.88663748651743
g567_gate3b_calibration_00211,02b92f3c6bf50d769250a64e8c7fd8af6889b367eeb685f9fcf7e0c2dedc3f2a,CALIBRATION,empty_32_32,empty,empty-32-32,normalized,64,True,canonical_public_benchmark_map,movingai_official_even,True,True,True,1.06016140866,136.60709280520678,0.0,136.60709280520678,False,False,True,True,1.04695524578,158.3978133276105,0.0,158.3978133276105,False,False,True,True,1.03228173147,153.0511360615492,15.325724667705158,168.37686072925433,False,False,True,False,False,0.02629757786150584,0.0,31.769767924047557,True,False,False,0.014015416961847356,0.0,9.97904740164384,True,False,False,0.01245674740857812,0.0,21.790720522403717
g567_gate3b_calibration_00212,0159472a186e7f48e4a80edaf71338c5f5b1525933e4be49e8d8d0184cb38a46,CALIBRATION,empty_32_32,empty,empty-32-32,normalized,64,True,canonical_public_benchmark_map,movingai_official_random,True,True,True,1.06377325066,128.79689875990152,0.0,128.79689875990152,False,False,True,True,1.03454384411,158.34440663456917,0.0,158.34440663456917,False,False,True,True,1.03631532329,154.1350306943059,15.325724667705158,169.46075536201104,False,False,True,False,False,0.025811823481145222,0.0,40.66385660210952,True,False,False,-0.0017123287621742518,0.0017123287621742518,11.116348727441874,True,False,False,0.02747710241056066,0.0,29.547507874667645
g567_gate3b_calibration_00213,91ad697954e79647f180331b8cc2a579fb70921f621e5a590cde3c81d7409228,CALIBRATION,empty_32_32,empty,empty-32-32,normalized,64,True,canonical_public_benchmark_map,movingai_official_even,True,True,True,1.03734129948,131.65545742958784,0.0,131.65545742958784,False,False,True,True,1.04630321135,157.5990617275238,0.0,157.5990617275238,False,False,True,True,1.03659447349,155.99227137863636,15.325724667705158,171.3179960463415,False,False,True,False,False,0.0007199424050449534,0.0,39.662538616753665,True,False,False,0.009279086362999185,0.0,13.718934318817702,True,False,False,-0.008639308850898341,0.008639308850898341,25.943604297935963
g567_gate3b_calibration_00214,a0518683c18bb2aca144583a367cc9b2aec4986e5dbd16e95d31687439b44b76,CALIBRATION,empty_32_32,empty,empty-32-32,normalized,64,True,canonical_public_benchmark_map,movingai_official_random,True,True,True,1.07523939808,130.00843487679958,0.0,130.00843487679958,False,False,True,True,1.04377564979,157.77823235839605,0.0,157.77823235839605,False,False,True,True,1.04103967168,153.1957983970642,15.325724667705158,168.52152306476935,False,False,True,False,False,0.031806615774188265,0.0,38.51308818796977,True,False,False,0.0026212319769583587,0.0,10.743290706373301,True,False,False,0.02926208651411322,0.0,27.76979748159647
g567_gate3b_calibration_00221,7888a8fff077c7ad4854383c6fc8b63bbe45c01b55580d45f279db0b9dbc05da,CALIBRATION,empty_32_32,empty,empty-32-32,normalized,256,True,canonical_public_benchmark_map,movingai_official_even,True,True,True,1.23415929204,435.3321045637131,0.0,435.3321045637131,False,False,True,True,1.22530973451,606.7959358915687,0.0,606.7959358915687,False,False,True,True,1.24761061947,555.2526619285345,15.325724667705158,570.5783865962396,False,False,True,False,False,-0.010899182558327437,0.010899182558327437,135.24628203252655,True,False,False,-0.01820020222798463,0.01820020222798463,-36.217549295329036,True,False,False,0.007170514849320788,0.0,171.4638313278556
g567_gate3b_calibration_00222,ee8f7daf3006acb8bc8e49c016397e2468e29be4f85e1d94be82918b192499fe,CALIBRATION,empty_32_32,empty,empty-32-32,normalized,256,True,canonical_public_benchmark_map,movingai_official_even,True,True,True,1.23785962983,404.38343212008476,0.0,404.38343212008476,False,False,True,True,1.2312625985,535.1817216724157,0.0,535.1817216724157,False,False,True,True,1.25032068902,552.6331877335906,15.325724667705158,567.9589124012957,False,False,True,False,False,-0.010066617320504581,0.010066617320504581,163.57548028121096,True,False,False,-0.015478493818636007,0.015478493818636007,32.77719072887999,True,False,False,0.00532938563551498,0.0,130.79828955233097
g567_gate3b_calibration_00223,cfcc27b2ca401aad4627557b3a62da0244160b3675a234946edfef516ad87938,CALIBRATION,empty_32_32,empty,empty-32-32,normalized,256,True,canonical_public_benchmark_map,movingai_official_random,True,True,True,1.22655322517,401.92344319075346,0.0,401.92344319075346,False,False,True,True,1.21903442818,530.3275510668755,0.0,530.3275510668755,False,False,True,True,1.22378314207,540.1174761354923,15.325724667705158,555.4432008031974,False,False,True,False,False,0.00225842877679931,0.0,153.51975761244398,True,False,False,-0.0038954715143605387,0.0038954715143605387,25.115649736321984,True,False,False,0.006130020969092317,0.0,128.404107876122
g567_gate3b_calibration_00224,8f714f3826befda9677cffdfab802fa2d751fb09b09d39d685c2bc312d10bd27,CALIBRATION,empty_32_32,empty,empty-32-32,normalized,256,True,canonical_public_benchmark_map,movingai_official_random,True,True,True,1.23880335899,421.1748717352748,0.0,421.1748717352748,False,False,True,True,1.23477956613,551.6032157465816,0.0,551.6032157465816,False,False,True,True,1.24352694192,541.7450517416,15.325724667705158,557.0707764093052,False,False,True,False,False,-0.0038130207637239615,0.0038130207637239615,135.89590467403036,True,False,False,-0.007084159820862231,0.007084159820862231,5.467560662723599,True,False,False,0.003248128793645342,0.0,130.42834401130676
g567_gate3b_calibration_00225,ccf50846ccd855b9d828cf62d5c51df7cfe531a15a1e1ff8b29fd55a1e6099e4,CALIBRATION,empty_32_32,empty,empty-32-32,normalized,256,True,canonical_public_benchmark_map,movingai_official_random,True,True,True,1.23338048091,393.30551493912935,0.0,393.30551493912935,False,False,True,True,1.22736916549,533.4362089633942,0.0,533.4362089633942,False,False,True,True,1.21110325318,642.2908371314406,15.325724667705158,657.6165617991458,False,False,True,False,False,0.018061926611294934,0.0,264.3110468600164,True,False,False,0.013252664941689633,0.0,124.18035283575159,True,False,False,0.004873853213215016,0.0,140.1306940242648
g567_gate3b_calibration_00226,246c4410e380f344dac754d787ccea9205142033a3ade86b5b2ee14c9a26d05a,CALIBRATION,empty_32_32,empty,empty-32-32,normalized,256,True,canonical_public_benchmark_map,movingai_official_even,True,True,True,1.23373052246,407.78195951133966,0.0,407.78195951133966,False,False,True,True,1.22603116407,585.4888176545501,0.0,585.4888176545501,False,False,True,True,1.24527956004,549.1640521213412,15.325724667705158,564.4897767890463,False,False,True,False,False,-0.009361069836362482,0.009361069836362482,156.70781727770668,True,False,False,-0.01569976076799062,0.01569976076799062,-20.99904086550373,True,False,False,0.0062407132269434885,0.0,177.7068581432104
g567_gate3b_calibration_00227,3df54d9c7b1f2b4bafde3ea6517d2b1f0363876599460c0c5dac408bdc48ebbe,CALIBRATION,empty_32_32,empty,empty-32-32,normalized,256,True,canonical_public_benchmark_map,movingai_official_even,True,True,True,1.25991766467,411.58193442970514,0.0,411.58193442970514,False,False,True,True,1.24550898204,532.7503588050604,0.0,532.7503588050604,False,False,True,True,1.26833832335,549.5483968406916,15.325724667705158,564.8741215083967,False,False,True,False,False,-0.006683499181040155,0.006683499181040155,153.29218707869154,True,False,False,-0.01832932691710356,0.01832932691710356,32.1237627033363,True,False,False,0.011436209709603528,0.0,121.16842437535524
g567_gate3b_calibration_00228,9880af3d2a5db90e423a6222c2c736f0bbf7c7bac5c6c464b55f5c85b67b47d7,CALIBRATION,empty_32_32,empty,empty-32-32,normalized,256,True,canonical_public_benchmark_map,movingai_official_random,True,True,True,1.23857220907,413.05630560964346,0.0,413.05630560964346,False,False,True,True,1.23875432526,531.8575138226151,0.0,531.8575138226151,False,False,True,True,1.24185030049,539.2575962468982,15.325724667705158,554.5833209146033,False,False,True,False,False,-0.002646669605530153,0.002646669605530153,141.52701530495983,True,False,False,-0.002499264920306234,0.002499264920306234,22.725807091988145,True,False,False,-0.0001470372003072108,0.0001470372003072108,118.80120821297169
g567_gate3b_calibration_00229,2935285371381da1dd8e4b3159d351ef2e7197e716796055a10fc86ce97d425d,CALIBRATION,empty_32_32,empty,empty-32-32,normalized,256,True,canonical_public_benchmark_map,movingai_official_random,True,True,True,1.25473606768,414.6070349961519,0.0,414.6070349961519,False,False,True,True,1.24406842008,536.3010121509433,0.0,536.3010121509433,False,False,True,True,1.25013794372,540.7159775495529,15.325724667705158,556.041702217258,False,False,True,False,False,0.0036646144782478663,0.0,141.4346672211061,True,False,False,-0.00487876996315814,0.00487876996315814,19.740690066314755,True,False,False,0.008501905599736407,0.0,121.69397715479136
g567_gate3b_calibration_00230,328c017ac495ee697399fb4f5acc8a82830e13229d7524dede8bed54ea648c48,CALIBRATION,empty_32_32,empty,empty-32-32,normalized,256,True,canonical_public_benchmark_map,movingai_official_random,True,True,True,1.24005065123,402.2779380902648,0.0,402.2779380902648,False,False,True,True,1.23625180897,538.4294576942921,0.0,538.4294576942921,False,False,True,True,1.23715629522,541.521186940372,15.325724667705158,556.8469116080771,False,False,True,False,False,0.0023340627313321446,0.0,154.5689735178123,True,False,False,-0.0007316359364953498,0.0007316359364953498,18.41745391378504,True,False,False,0.0030634573323532247,0.0,136.15151960402727
g567_gate3b_calibration_00231,49d7d6860fc00752abe264ebad7656b4179835c0ea9d591ec78a44c4bd13c92c,CALIBRATION,empty_32_32,empty,empty-32-32,normalized,256,True,canonical_public_benchmark_map,movingai_official_even,True,True,True,1.22063492063,414.16442207992077,0.0,414.16442207992077,False,False,True,True,1.20881834215,560.3609131649137,0.0,560.3609131649137,False,False,True,True,1.24938271605,542.3284517601132,15.325724667705158,557.6541764278184,False,False,True,False,False,-0.02355150990204548,0.02355150990204548,143.4897543478976,True,False,False,-0.0335570469818089,0.0335570469818089,-2.706736737095298,True,False,False,0.009680681979752899,0.0,146.19649108499289
g567_gate3b_calibration_00232,f922c45d6be2eb8b000293a1b400d87fb4878736ad457c98d839b4b92e1109f0,CALIBRATION,empty_32_32,empty,empty-32-32,normalized,256,True,canonical_public_benchmark_map,movingai_official_even,True,True,True,1.23257430906,409.8120853304863,0.0,409.8120853304863,False,False,True,True,1.23639840083,562.5839494168758,0.0,562.5839494168758,False,False,True,True,1.24682774205,547.4337982013822,15.325724667705158,562.7595228690873,False,False,True,False,False,-0.011563954307038934,0.011563954307038934,152.94743753860098,True,False,False,-0.008435259389690888,0.008435259389690888,0.17557345221143805,True,False,False,-0.0031025243199464736,0.0031025243199464736,152.77186408638954
g567_gate3b_calibration_00233,d02c32655ea881db36ea725c9675a0232767e1dd83a9ad4a776b82c9e6b125b5,CALIBRATION,empty_32_32,empty,empty-32-32,normalized,256,True,canonical_public_benchmark_map,movingai_official_random,True,True,True,1.2497291441,403.59614603221416,0.0,403.59614603221416,False,False,True,True,1.24810400867,539.1353257000446,0.0,539.1353257000446,False,False,True,True,1.26345250993,557.2530906647444,15.325724667705158,572.5788153324495,False,False,True,False,False,-0.010981072094532104,0.010981072094532104,168.98266930023533,True,False,False,-0.01229745370047782,0.01229745370047782,33.44348963240486,True,False,False,0.0013003901186688272,0.0,135.53917966783047
g567_gate3b_calibration_00234,65fc24c441778128df5dfa2ca95e2cff67a6a346c6b36bf6217433b41b7d40ac,CALIBRATION,empty_32_32,empty,empty-32-32,normalized,256,True,canonical_public_benchmark_map,movingai_official_even,True,True,True,1.21024308777,407.09161292761564,0.0,407.09161292761564,False,False,True,True,1.21599554648,542.3870403319597,0.0,542.3870403319597,False,False,True,True,1.23919094452,598.1165813282132,15.325724667705158,613.4423059959183,False,False,True,False,False,-0.023919043242246134,0.023919043242246134,206.3506930683027,True,False,False,-0.019075232723626944,0.019075232723626944,71.05526566395861,True,False,False,-0.0047531432057998325,0.0047531432057998325,135.29542740434408
g567_gate3b_calibration_00235,b856f165f613985b2ad4f99c78628bba4f7dee766f80010d940bda9fcad3541c,CALIBRATION,empty_32_32,empty,empty-32-32,normalized,256,True,canonical_public_benchmark_map,movingai_official_random,True,True,True,1.22711864407,425.27465615421534,0.0,425.27465615421534,False,False,True,True,1.21902071563,551.2088676914573,0.0,551.2088676914573,False,False,True,True,1.2252354049,534.9246459081769,15.325724667705158,550.250370575882,False,False,True,False,False,0.0015346838540026748,0.0,124.97571442166668,True,False,False,-0.0050980998028309354,0.0050980998028309354,-0.9584971155752555,True,False,False,0.006599140579546172,0.0,125.93421153724194
g567_gate3b_calibration_00236,1a2aaadedfd52a26e28e65110a5360b69de242c0cb6425e121c719503fb06be8,CALIBRATION,empty_32_32,empty,empty-32-32,normalized,256,True,canonical_public_benchmark_map,movingai_official_random,True,True,True,1.25578871201,457.31486566364765,0.0,457.31486566364765,False,False,True,True,1.22829232996,678.9147378876805,0.0,678.9147378876805,False,False,True,True,1.25271345876,557.0932263508439,15.325724667705158,572.418951018549,False,False,True,False,False,0.0024488619945291657,0.0,115.10408535490137,True,False,False,-0.01988217967688141,0.01988217967688141,-106.4957868691315,True,False,False,0.021895707285017458,0.0,221.59987222403288
g567_gate3b_calibration_00237,9c482b0e26c033cf7c9763ba39abb7a0abb8cb7ebe541db22a177ccfae42cdb5,CALIBRATION,empty_32_32,empty,empty-32-32,normalized,384,False,canonical_public_benchmark_map,czr004_derived_on_public_parent_map,True,True,True,1.41753726963,603.4098993986845,0.0,603.4098993986845,False,False,True,True,1.39957741519,793.9591929316521,0.0,793.9591929316521,False,False,True,True,1.43913604883,890.5421141535044,15.325724667705158,905.8678388212095,False,False,True,False,False,-0.015236833388964591,0.015236833388964591,302.457939422525,True,False,False,-0.028264698480169256,0.028264698480169256,111.90864588955742,True,False,False,0.012669758195978674,0.0,190.54929353296757
g567_gate3b_calibration_00238,b727ed1bfa8692fdb683952435141d2fa16ade93046f5b63b6a830f21c6b7f75,CALIBRATION,empty_32_32,empty,empty-32-32,normalized,384,False,canonical_public_benchmark_map,czr004_derived_on_public_parent_map,True,True,True,1.38454871858,626.0554557666183,0.0,626.0554557666183,False,False,True,True,1.39073913582,796.6288095340133,0.0,796.6288095340133,False,False,True,True,1.43332920639,923.3844839036465,15.325724667705158,938.7102085713516,False,False,True,False,False,-0.03523204864905693,0.03523204864905693,312.65475280473333,True,False,False,-0.03062405412564179,0.03062405412564179,142.08139903733831,True,False,False,-0.00447107216736219,0.00447107216736219,170.57335376739502
g567_gate3b_calibration_00239,64815d131d7e1cba455e8f721e1538c3e00be78008e32c2bc29793e5d11b73eb,CALIBRATION,empty_32_32,empty,empty-32-32,normalized,384,False,canonical_public_benchmark_map,czr004_derived_on_public_parent_map,True,True,True,1.38513109063,603.677649050951,0.0,603.677649050951,False,False,True,True,1.39446905303,800.3366496413946,0.0,800.3366496413946,False,False,True,True,1.43122231534,929.0339183062315,15.325724667705158,944.3596429739366,False,False,True,False,False,-0.033275713051128135,0.033275713051128135,340.6819939229856,True,False,False,-0.026356456050523416,0.026356456050523416,144.022993332542,True,False,False,-0.006741573027396744,0.006741573027396744,196.6590005904436
g567_gate3b_calibration_00240,ef7be9d1d382798508d942f67263a1b1d3a7c8224218d380cb469efccd081542,CALIBRATION,empty_32_32,empty,empty-32-32,normalized,384,False,canonical_public_benchmark_map,czr004_derived_on_public_parent_map,True,True,True,1.40607353495,601.8442744389176,0.0,601.8442744389176,False,False,True,True,1.41523403187,798.1952540576458,0.0,798.1952540576458,False,False,True,True,1.44974275317,881.4317621290684,15.325724667705158,896.7574867967735,False,False,True,False,False,-0.031057563587208053,0.031057563587208053,294.91321235785585,True,False,False,-0.024383755988684294,0.024383755988684294,98.5622327391277,True,False,False,-0.0065149486796406,0.0065149486796406,196.35097961872816
g567_gate3b_calibration_00241,3e49ea895bd133b3d1d355be2a1883677ae36d35b65bd9470e9767dde8039f16,CALIBRATION,empty_32_32,empty,empty-32-32,normalized,384,False,canonical_public_benchmark_map,czr004_derived_on_public_parent_map,True,True,True,1.37594951502,620.2500145882368,0.0,620.2500145882368,False,False,True,True,1.38237700129,796.3940780609846,0.0,796.3940780609846,False,False,True,True,1.40843753652,807.8851103782654,15.325724667705158,823.2108350459705,False,False,True,False,False,-0.0236113470337083,0.0236113470337083,202.9608204577337,True,False,False,-0.01885197395911593,0.01885197395911593,26.816756984985886,True,False,False,-0.004671309666406313,0.004671309666406313,176.1440634727478
g567_gate3b_calibration_00242,594d803b695b13bd2859f5ffebdd396a396698f78459b579f5d6f824bb7c0db1,CALIBRATION,empty_32_32,empty,empty-32-32,normalized,384,False,canonical_public_benchmark_map,czr004_derived_on_public_parent_map,True,True,True,1.36493975904,601.3712221756577,0.0,601.3712221756577,False,False,True,True,1.38831325301,798.3164330944419,0.0,798.3164330944419,False,False,True,True,1.41144578313,838.8630514964461,15.325724667705158,854.1887761641512,False,False,True,False,False,-0.0340718509970791,0.0340718509970791,252.8175539884935,True,False,False,-0.016662327518552778,0.016662327518552778,55.87234306970936,True,False,False,-0.01712419454059944,0.01712419454059944,196.94521091878414
g567_gate3b_calibration_00243,10217557b0331e87d43f6d060690a4ae2e95cfdcbf71e19c0f20761cd0cd7056,CALIBRATION,empty_32_32,empty,empty-32-32,normalized,384,False,canonical_public_benchmark_map,czr004_derived_on_public_parent_map,True,True,True,1.36755356722,620.5108724534512,0.0,620.5108724534512,False,False,True,True,1.37096774194,791.8183710426092,0.0,791.8183710426092,False,False,True,True,1.39698610784,804.1788935661316,15.325724667705158,819.5046182338367,False,False,True,False,False,-0.021522038569817246,0.021522038569817246,198.99374578038555,True,False,False,-0.018978102185819964,0.018978102185819964,27.686247191227494,True,False,False,-0.0024965564800070363,0.0024965564800070363,171.30749858915806
g567_gate3b_calibration_00244,ce10a1844d8dbd599c2ebc6c0ae1498901ba8c4d43b2c7dd328ef7e57c9b192b,CALIBRATION,empty_32_32,empty,empty-32-32,normalized,384,False,canonical_public_benchmark_map,czr004_derived_on_public_parent_map,True,True,True,1.39689550732,600.6592251360416,0.0,600.6592251360416,False,False,True,True,1.41178697627,792.121927253902,0.0,792.121927253902,False,False,True,True,1.43841494195,828.3540941774845,15.325724667705158,843.6798188451896,False,False,True,False,False,-0.02972264883982394,0.02972264883982394,243.020593709148,True,False,False,-0.018861178157594524,0.018861178157594524,51.55789159128767,True,False,False,-0.010660402923458327,0.010660402923458327,191.46270211786032
g567_gate3b_calibration_00245,d6540e2322a63689211212921f0deed566a4e7c52ce08e03a3fb273f7543e968,CALIBRATION,empty_32_32,empty,empty-32-32,normalized,512,True,canonical_public_benchmark_map,movingai_official_even,True,True,True,1.56415514935,804.7015266492963,0.0,804.7015266492963,False,False,True,True,1.59411502452,1074.8588349670172,0.0,1074.8588349670172,False,False,True,True,1.65385644226,1242.2018703073263,15.325724667705158,1257.5275949750314,False,False,True,False,False,-0.05734807889567482,0.05734807889567482,452.82606832573515,True,False,False,-0.037476227763419113,0.037476227763419113,182.66876000801426,True,False,False,-0.019154030329056545,0.019154030329056545,270.1573083177209
g567_gate3b_calibration_00246,425662bc5204f24526d90f222e7364184d69e035778d46f0d68e88804281626a,CALIBRATION,empty_32_32,empty,empty-32-32,normalized,512,True,canonical_public_benchmark_map,movingai_official_even,True,True,True,1.56118479222,814.4745761528611,0.0,814.4745761528611,False,False,True,True,1.59328028294,1064.4362876191735,0.0,1064.4362876191735,False,False,True,True,1.65039787798,1150.7683163508773,15.325724667705158,1166.0940410185824,False,False,True,False,False,-0.05714447527581872,0.05714447527581872,351.6194648657213,True,False,False,-0.035849056598255144,0.035849056598255144,101.65775339940888,True,False,False,-0.020558418759870356,0.020558418759870356,249.9617114663124
g567_gate3b_calibration_00272,4b3571cf1a5bbe16f269eeba462f6f1c921addcbf95b8478f05b72bfcfef392f,CALIBRATION,warehouse_small,warehouse,warehouse-10-20-10-2-2,fallback_same_family,16,False,canonical_public_benchmark_map,czr004_derived_on_public_parent_map,True,True,True,1.01809954751,56.55500665307045,0.0,56.55500665307045,False,False,True,True,1.00452488688,65.01647178083658,0.0,65.01647178083658,False,False,True,False,nan,10.486268438398838,15.325724667705158,25.811993106103998,False,False,False,False,True,nan,nan,-30.743013546966452,False,False,True,nan,nan,-39.204478674732584,True,False,False,0.013333333329928308,0.0,8.461465127766132
g567_gate3b_calibration_00273,e9284d833aec398269f493e2e99e3d0051014f14d55130299e043886a9b26b35,CALIBRATION,warehouse_small,warehouse,warehouse-10-20-10-2-2,fallback_same_family,16,False,canonical_public_benchmark_map,czr004_derived_on_public_parent_map,True,True,True,1.01683501684,57.02198203653097,0.0,57.02198203653097,False,False,True,True,1.02188552189,66.25002902001143,0.0,66.25002902001143,False,False,True,False,nan,29.51080072671175,15.325724667705158,44.83652539441691,False,False,False,False,True,nan,nan,-12.185456642114062,False,False,True,nan,nan,-21.413503625594515,True,False,False,-0.0049668874166975555,0.0049668874166975555,9.228046983480453
g567_gate3b_calibration_00274,958603223ca31c7005e47f27d9412ea891dfb3fbd70c41bb285e3cc275bfa818,CALIBRATION,warehouse_small,warehouse,warehouse-10-20-10-2-2,fallback_same_family,16,False,canonical_public_benchmark_map,czr004_derived_on_public_parent_map,True,True,True,1.04355400697,58.80758631974459,0.0,58.80758631974459,False,False,True,True,1.02613240418,77.47989427298307,0.0,77.47989427298307,False,False,True,False,nan,33.33650901913643,15.325724667705158,48.66223368684159,False,False,False,False,True,nan,nan,-10.145352632902998,False,False,True,nan,nan,-28.817660586141486,True,False,False,0.01669449082044575,0.0,18.672307953238487
g567_gate3b_calibration_00275,c3c85e05727d6e7cf8ba590c5146b16091a4650a07de35623a50c390b6a79e3f,CALIBRATION,warehouse_small,warehouse,warehouse-10-20-10-2-2,fallback_same_family,80,False,canonical_public_benchmark_map,czr004_derived_on_public_parent_map,True,True,True,1.12025052192,200.18052123486996,0.0,200.18052123486996,False,False,True,True,1.0764091858,243.09650715440512,0.0,243.09650715440512,False,False,True,True,1.07682672234,240.32132141292095,15.325724667705158,255.6470460806261,False,False,True,False,False,0.03876257920020945,0.0,55.46652484575614,True,False,False,-0.00038789760019539247,0.00038789760019539247,12.55053892622098,True,False,False,0.039135296312882144,0.0,42.91598591953516
g567_gate3b_calibration_00276,273a1ff413bb62df0814872fb6025bcd1d49011df11599db1f99ea04e886b09d,CALIBRATION,warehouse_small,warehouse,warehouse-10-20-10-2-2,fallback_same_family,80,False,canonical_public_benchmark_map,czr004_derived_on_public_parent_map,True,True,True,1.1316925734,194.46864072233438,0.0,194.46864072233438,False,False,True,True,1.10751295337,242.96921584755182,0.0,242.96921584755182,False,False,True,True,1.11139896373,238.40428423136473,15.325724667705158,253.73000889906987,False,False,True,False,False,0.017932086988104074,0.0,59.26136817673549,True,False,False,-0.0035087719273849045,0.0035087719273849045,10.76079305151805,True,False,False,0.021365890877374876,0.0,48.50057512521744
g567_gate3b_calibration_00277,155baaea3fb6e33512240af887bf921c383e822edf310ba8c75b34227864820a,CALIBRATION,warehouse_small,warehouse,warehouse-10-20-10-2-2,fallback_same_family,80,False,canonical_public_benchmark_map,czr004_derived_on_public_parent_map,True,True,True,1.12494341331,185.5188114568591,0.0,185.5188114568591,False,False,True,True,1.11543684925,241.07448104768991,0.0,241.07448104768991,False,False,True,True,1.14576731553,239.2873028293252,15.325724667705158,254.61302749703034,False,False,True,False,False,-0.01851106639997869,0.01851106639997869,69.09421604017123,True,False,False,-0.027191558446714222,0.027191558446714222,13.53854644934043,True,False,False,0.008450704228782694,0.0,55.5556695908308
g567_gate3b_calibration_00278,c0dbdab58f928eb4266bc6233f99e7b01a7b4ea0825515e0f9bd5d37488bbe81,CALIBRATION,warehouse_small,warehouse,warehouse-10-20-10-2-2,fallback_same_family,80,False,canonical_public_benchmark_map,czr004_derived_on_public_parent_map,True,True,True,1.14169867691,196.46545685827732,0.0,196.46545685827732,False,False,True,True,1.11011523688,246.05276808142662,0.0,246.05276808142662,False,False,True,True,1.12846777636,240.65058957785368,15.325724667705158,255.97631424555883,False,False,True,False,False,0.011588785042485401,0.0,59.510857387281504,True,False,False,-0.01653210303786127,0.01653210303786127,9.923546164132205,True,False,False,0.02766355139823783,0.0,49.5873112231493
g567_gate3b_calibration_00279,bdb461ed37105fc0034703e259276af610ba356eec58c3d86f8b274a19872429,CALIBRATION,warehouse_small,warehouse,warehouse-10-20-10-2-2,fallback_same_family,80,False,canonical_public_benchmark_map,czr004_derived_on_public_parent_map,True,True,True,1.11157894737,196.25615049153566,0.0,196.25615049153566,False,False,True,True,1.10863157895,243.950049392879,0.0,243.950049392879,False,False,True,True,1.10063157895,240.47392513602972,15.325724667705158,255.79964980373487,False,False,True,False,False,0.009848484847523783,0.0,59.5434993121992,True,False,False,0.0072161033041986,0.0,11.849600410855857,True,False,False,0.002651515150564302,0.0,47.693898901343346
g567_gate3b_calibration_00286,00eea862ecc93b24493459a9b2bb75c99b90c49809907dc46b83242704799788,CALIBRATION,warehouse_small,warehouse,warehouse-10-20-10-2-2,fallback_same_family,512,False,canonical_public_benchmark_map,czr004_derived_on_public_parent_map,True,True,True,1.85327090477,1292.9989425465465,0.0,1292.9989425465465,False,False,True,True,1.90391717225,1543.5561314225197,0.0,1543.5561314225197,False,False,True,True,2.12041677658,1816.452844068408,15.325724667705158,1831.7785687361131,False,False,True,False,False,-0.1441483115730207,0.1441483115730207,538.7796261895667,True,False,False,-0.11371272211077671,0.11371272211077671,288.22243731359345,True,False,False,-0.027328043271841764,0.027328043271841764,250.55718887597322
g567_gate3b_calibration_00287,6f2c13c48c813cd337d3f53aec980120c16713828043bb20e4b0216dc84daff7,CALIBRATION,warehouse_small,warehouse,warehouse-10-20-10-2-2,fallback_same_family,512,False,canonical_public_benchmark_map,czr004_derived_on_public_parent_map,True,True,True,1.86653360804,1493.415717035532,0.0,1493.415717035532,False,False,True,True,2.05253669843,1580.036150291562,0.0,1580.036150291562,False,False,True,True,2.16121555498,1838.5115275159478,15.325724667705158,1853.837252183653,False,False,True,False,False,-0.1578765823828044,0.1578765823828044,360.42153514812094,True,False,False,-0.05294855708700815,0.05294855708700815,273.80110189209086,True,False,False,-0.09965161601634231,0.09965161601634231,86.62043325603008
g567_gate3b_calibration_00288,5631809afcefbb814e7271ec3650cd98a806efeebe73634ec55ffb811954b62c,CALIBRATION,warehouse_small,warehouse,warehouse-10-20-10-2-2,fallback_same_family,512,False,canonical_public_benchmark_map,czr004_derived_on_public_parent_map,True,True,True,1.97362332254,1585.7684249058366,0.0,1585.7684249058366,False,False,True,True,2.0412507437,1579.3007612228394,0.0,1579.3007612228394,False,False,True,True,2.14113836187,1699.5889889076352,15.325724667705158,1714.9147135753403,False,False,True,False,False,-0.0848769050390085,0.0848769050390085,129.14628866950375,True,False,False,-0.04893451648617269,0.04893451648617269,135.61395235250097,True,False,False,-0.034265617145710164,0.034265617145710164,-6.467663682997227
g567_gate3b_calibration_00289,28fcda82d54b510a876dff95f5d2c5b6875213aaedf505c7e3885330f84d300d,CALIBRATION,warehouse_small,warehouse,warehouse-10-20-10-2-2,fallback_same_family,512,False,canonical_public_benchmark_map,czr004_derived_on_public_parent_map,True,True,True,1.83451726481,1352.272655814886,0.0,1352.272655814886,False,False,True,True,2.06177033788,1588.2448833435774,0.0,1588.2448833435774,False,False,True,True,2.11106306751,1640.5078982934356,15.325724667705158,1655.8336229611407,False,False,True,False,False,-0.15074581635438658,0.15074581635438658,303.5609671462546,True,False,False,-0.02390796332858525,0.02390796332858525,67.5887396175633,True,False,False,-0.12387622478632625,0.12387622478632625,235.9722275286913
g567_gate3b_calibration_00290,351dcf8b3dfa18933bc0611e528232f07f4793b70c5e36704969d7f6783be28e,CALIBRATION,warehouse_small,warehouse,warehouse-10-20-10-2-2,fallback_same_family,512,False,canonical_public_benchmark_map,czr004_derived_on_public_parent_map,True,True,True,1.88360655738,1386.7441527545452,0.0,1386.7441527545452,False,False,True,True,1.98656998739,1576.7871420830488,0.0,1576.7871420830488,False,False,True,True,2.12263556116,1647.2475370392203,15.325724667705158,1662.5732617069255,False,False,True,False,False,-0.12689964517456187,0.12689964517456187,275.82910895238024,True,False,False,-0.06849271590414292,0.06849271590414292,85.78611962387663,True,False,False,-0.054662917585728096,0.054662917585728096,190.0429893285036
g567_gate3b_calibration_00291,e2ce1b86219b9410c2cdae46d779e9fc96912c3791e125c1127ed89341dd705c,CALIBRATION,warehouse_small,warehouse,warehouse-10-20-10-2-2,fallback_same_family,768,False,canonical_public_benchmark_map,czr004_derived_on_public_parent_map,True,True,True,2.93357136926,2580.9104526415467,0.0,2580.9104526415467,False,False,True,True,3.24786182845,2943.221965804696,0.0,2943.221965804696,False,False,True,True,3.49468570954,2983.30644890666,15.325724667705158,2998.6321735743654,False,False,True,False,False,-0.1912734580653964,0.1912734580653964,417.7217209328187,True,False,False,-0.07599580712699025,0.07599580712699025,55.41020776966934,True,False,False,-0.10713578080402403,0.10713578080402403,362.31151316314936
g567_gate3b_calibration_00292,6ea9d3226121f127e8d71f9a9896c7782880bd59d0c2c556f9c4565340168151,CALIBRATION,warehouse_small,warehouse,warehouse-10-20-10-2-2,fallback_same_family,768,False,canonical_public_benchmark_map,czr004_derived_on_public_parent_map,True,True,True,2.80962196299,2613.032864406705,0.0,2613.032864406705,False,False,True,True,3.18318568547,2817.546457052231,0.0,2817.546457052231,False,False,True,True,3.24633804052,2725.3999300301075,15.325724667705158,2740.725654697813,False,False,True,False,False,-0.1554358854261114,0.1554358854261114,127.69279029110794,True,False,False,-0.019839356321017028,0.019839356321017028,-76.82080235441799,True,False,False,-0.1329587138059147,0.1329587138059147,204.51359264552593
g567_gate3b_calibration_00293,b691ae2b757560c398c9c5136768ef486a4c18566fa94b5544e39768556da54d,CALIBRATION,warehouse_small,warehouse,warehouse-10-20-10-2-2,fallback_same_family,768,False,canonical_public_benchmark_map,czr004_derived_on_public_parent_map,True,True,True,2.95021863438,2653.2200751826167,0.0,2653.2200751826167,False,False,True,True,3.18617558022,2781.7348018288612,0.0,2781.7348018288612,False,False,True,True,3.46972754793,2898.188790306449,15.325724667705158,2913.5145149741543,False,False,True,False,False,-0.17609166571452306,0.17609166571452306,260.29443979153757,True,False,False,-0.08899445764078734,0.08899445764078734,131.77971314529304,True,False,False,-0.0799794778225266,0.0799794778225266,128.51472664624453
g567_gate3b_calibration_00294,bf17908ef70aebdde192ac5efa1c7b1f7cac99abdada1896ebe6eda9484e5363,CALIBRATION,warehouse_small,warehouse,warehouse-10-20-10-2-2,fallback_same_family,768,False,canonical_public_benchmark_map,czr004_derived_on_public_parent_map,True,True,True,2.95623888624,3347.522900439799,0.0,3347.522900439799,False,False,True,True,3.18861950818,2730.255687609315,0.0,2730.255687609315,False,False,True,True,3.62809558919,2829.1045911610126,15.325724667705158,2844.430315828718,False,False,True,False,False,-0.2272673923874012,0.2272673923874012,-503.09258461108084,True,False,False,-0.1378264417822759,0.1378264417822759,114.17462821940308,True,False,False,-0.07860684839159318,0.07860684839159318,-617.2672128304839
g567_gate3b_calibration_00499,82ef180ddfc974c70ba4da90d4fca3464bccef8e1e81e17977fe7fec9b297af2,CALIBRATION,g567-warehouse-64x40-b-v2,warehouse,warehouse-10-20-10-2-1,fallback_same_family,12,False,synthetic_stress_map,czr004_synthetic_derived_scenario,True,True,True,1.04691358025,55.173332802951336,0.0,55.173332802951336,False,False,True,True,1.02469135802,68.59345734119415,0.0,68.59345734119415,False,False,True,True,1.0049382716,66.49123691022396,15.325724667705158,81.81696157792912,False,False,True,False,False,0.04009433963018849,0.0,26.643628774977785,True,False,False,0.01927710843406433,0.0,13.223504236734968,True,False,False,0.021226415101706215,0.0,13.420124538242817
g567_gate3b_development_00228,f735b5c42eb84aaf77e2c29ac09986bdbdf6771e5446c42be0bed57f264a30a0,DEVELOPMENT,maze_32_32_4,maze,maze-32-32-4,normalized,16,True,canonical_public_benchmark_map,movingai_official_random,True,True,True,1.05522682446,34.438470378518105,0.0,34.438470378518105,False,False,True,True,1.0315581854,41.41349531710148,0.0,41.41349531710148,False,False,True,True,1.02958579882,42.48427972197533,15.325724667705158,57.810004389680486,False,False,True,False,False,0.024299065419533514,0.0,23.37153401116238,True,False,False,0.0019120458815760138,0.0,16.396509072579008,True,False,False,0.022429906548397497,0.0,6.975024938583374
g567_gate3b_development_00229,e398f117240b315185ce443e173f28226fb52f47a0821cd07daa3e224083824e,DEVELOPMENT,maze_32_32_4,maze,maze-32-32-4,normalized,16,True,canonical_public_benchmark_map,movingai_official_random,True,True,True,1.11401869159,36.564975045621395,0.0,36.564975045621395,False,False,True,True,1.12710280374,45.23450694978237,0.0,45.23450694978237,False,False,True,True,1.07663551402,44.82919257134199,15.325724667705158,60.15491723904715,False,False,True,False,False,0.03355704697974546,0.0,23.589942193425756,True,False,False,0.04477611940324995,0.0,14.92041028926478,True,False,False,-0.011744966443359518,0.011744966443359518,8.669531904160976
g567_gate3b_development_00230,30b62225a3abf16e5e2c28871e28e852d17967d2b021b0e497a3ec777dab59f0,DEVELOPMENT,maze_32_32_4,maze,maze-32-32-4,normalized,16,True,canonical_public_benchmark_map,movingai_official_even,True,True,True,1.07683741648,37.01620735228062,0.0,37.01620735228062,False,False,True,True,1.070155902,46.661537140607834,0.0,46.661537140607834,False,False,True,True,1.06681514477,43.65996550768614,15.325724667705158,58.9856901753913,False,False,True,False,False,0.009307135465965833,0.0,21.96948282311068,True,False,False,0.0031217481712304154,0.0,12.324153034783464,True,False,False,0.006204756983501594,0.0,9.645329788327217
g567_gate3b_development_00231,85a410cede2b1b30ef8e3882b5afeeba13ca31cdf1bb1e31efbe071e5acd504d,DEVELOPMENT,maze_32_32_4,maze,maze-32-32-4,normalized,16,True,canonical_public_benchmark_map,movingai_official_random,True,True,True,1.03587443946,37.04540524631739,0.0,37.04540524631739,False,False,True,True,1.01943198804,43.01238805055618,0.0,43.01238805055618,False,False,True,True,1.02242152466,42.340015061199665,15.325724667705158,57.665739728904825,False,False,True,False,False,0.012987012988768197,0.0,20.620334482587438,True,False,False,-0.002932551317864471,0.002932551317864471,14.653351678348642,True,False,False,0.01587301587301577,0.0,5.966982804238796
g567_gate3b_development_00232,2b840d886b4581afb0ed85bbf97974583c93e292404b2db02bd3485918145dd8,DEVELOPMENT,maze_32_32_4,maze,maze-32-32-4,normalized,16,True,canonical_public_benchmark_map,movingai_official_random,True,True,True,1.01777777778,35.8738973736763,0.0,35.8738973736763,False,False,True,True,1.01555555556,47.72551450878382,0.0,47.72551450878382,False,False,True,True,1.00666666667,40.27979914098978,15.325724667705158,55.60552380869494,False,False,True,False,False,0.010917030566570013,0.0,19.73162643501864,True,False,False,0.008752735230815142,0.0,7.880009299911123,True,False,False,0.0021834061113488496,0.0,11.851617135107517
g567_gate3b_development_00233,b7907d7167aa89fd6088c44b484f5d30335b7fce9d19a6c0bb4b88bd098d010a,DEVELOPMENT,maze_32_32_4,maze,maze-32-32-4,normalized,16,True,canonical_public_benchmark_map,movingai_official_even,True,True,True,1.05900151286,38.6850917711854,0.0,38.6850917711854,False,False,True,True,1.02874432678,41.828847490251064,0.0,41.828847490251064,False,False,True,True,1.04689863843,43.952224776148796,15.325724667705158,59.277949443853956,False,False,True,False,False,0.011428571426035365,0.0,20.592857672668558,True,False,False,-0.017647058824444322,0.017647058824444322,17.44910195360289,True,False,False,0.028571428569809845,0.0,3.143755719065666
g567_gate3b_development_00234,04117118e8cb67c18e12420ae1b5ed0683875105e262f401bc2a8f9b4fbe8d51,DEVELOPMENT,maze_32_32_4,maze,maze-32-32-4,normalized,16,True,canonical_public_benchmark_map,movingai_official_even,True,True,True,1.04229607251,34.7664300352335,0.0,34.7664300352335,False,False,True,True,1.03474320242,42.21994150429964,0.0,42.21994150429964,False,False,True,True,1.02265861027,43.01300551742315,15.325724667705158,58.33873018512831,False,False,True,False,False,0.01884057971427457,0.0,23.572300149894815,True,False,False,0.011678832121571182,0.0,16.118788680828672,True,False,False,0.007246376810968332,0.0,7.453511469066143
g567_gate3b_development_00235,b7c376bd75042a0bc7e5716da82a44ec23d18d1d674569cab7c0aad8601d4047,DEVELOPMENT,maze_32_32_4,maze,maze-32-32-4,normalized,16,True,canonical_public_benchmark_map,movingai_official_random,True,True,True,1.06441717791,35.45656241476536,0.0,35.45656241476536,False,False,True,True,1.04447852761,41.82795342057943,0.0,41.82795342057943,False,False,True,True,1.04294478528,42.68208704888821,15.325724667705158,58.007811716593366,False,False,True,False,False,0.020172910655351678,0.0,22.55124930182801,True,False,False,0.0014684287799668469,0.0,16.179858296013933,True,False,False,0.018731988466354835,0.0,6.3713910058140755
g567_gate3b_development_00236,c6602b8c7798d591a69728827f340f97263684506962bd6c9f50b5be3afc7ff5,DEVELOPMENT,maze_32_32_4,maze,maze-32-32-4,normalized,16,True,canonical_public_benchmark_map,movingai_official_even,True,True,True,1.08983799705,34.35519803315401,0.0,34.35519803315401,False,False,True,True,1.0765832106,40.67005030810833,0.0,40.67005030810833,False,False,True,True,1.08100147275,41.35768208652735,15.325724667705158,56.68340675423251,False,False,True,False,False,0.008108108107736257,0.0,22.328208721078497,True,False,False,-0.004103967168072018,0.004103967168072018,16.013356446124178,True,False,False,0.012162162161604283,0.0,6.314852274954319
g567_gate3b_development_00237,9113da9243a615fe30260742165659a5dc467dc3f2996f7c749a3f839db87210,DEVELOPMENT,maze_32_32_4,maze,maze-32-32-4,normalized,16,True,canonical_public_benchmark_map,movingai_official_random,True,True,True,1.15384615385,36.373076029121876,0.0,36.373076029121876,False,False,True,True,1.14128728414,46.4814156293869,0.0,46.4814156293869,False,False,True,True,1.13657770801,41.49334877729416,15.325724667705158,56.81907344499932,False,False,True,False,False,0.014965986394616859,0.0,20.445997415877443,True,False,False,0.0041265474481728195,0.0,10.337657815612417,True,False,False,0.01088435374863046,0.0,10.108339600265026
g567_gate3b_development_00238,de29999116d5296b129f19d22c681805ade7eca50c0574546f61afb89542fa1a,DEVELOPMENT,maze_32_32_4,maze,maze-32-32-4,normalized,16,True,canonical_public_benchmark_map,movingai_official_even,True,True,True,1.08931698774,36.14205215126276,0.0,36.14205215126276,False,False,True,True,1.08406304729,55.28168473392725,0.0,55.28168473392725,False,False,True,True,1.07705779335,41.70396737754345,15.325724667705158,57.02969204524861,False,False,True,False,False,0.011254019287291184,0.0,20.88763989398585,True,False,False,0.0064620355407482635,0.0,1.7480073113213592,True,False,False,0.004823151120502005,0.0,19.13963258266449
g567_gate3b_development_00239,4c1fd983b074add8e87b7e95fee0ecaa842caa30fd57af5030af5ded084c746c,DEVELOPMENT,maze_32_32_4,maze,maze-32-32-4,normalized,24,False,canonical_public_benchmark_map,czr004_derived_on_public_parent_map,True,True,True,1.0626118068,55.53478188812733,0.0,55.53478188812733,False,False,True,True,1.0572450805,65.37326332181692,0.0,65.37326332181692,False,False,True,True,1.06797853309,58.50708391517401,15.325724667705158,73.83280858287917,False,False,True,False,False,-0.005050505043946142,0.005050505043946142,18.29802669475184,True,False,False,-0.01015228426026242,0.01015228426026242,8.459545261062246,True,False,False,0.005050505053356709,0.0,9.838481433689594
g567_gate3b_development_00240,9e7a6e9d9852701c1ce5359972db565ae562009b8de40ca8d755b83554c0040e,DEVELOPMENT,maze_32_32_4,maze,maze-32-32-4,normalized,24,False,canonical_public_benchmark_map,czr004_derived_on_public_parent_map,True,True,True,1.06384976526,53.174558095633984,0.0,53.174558095633984,False,False,True,True,1.06291079812,64.77126386016607,0.0,64.77126386016607,False,False,True,True,1.05727699531,59.59191732108593,15.325724667705158,74.91764198879109,False,False,True,False,False,0.0061782877288069395,0.0,21.743083893157106,True,False,False,0.005300353350407858,0.0,10.146378128625017,True,False,False,0.0008826125367151719,0.0,11.59670576453209
g567_gate3b_development_00241,3cb77bdf41f4bbde784c5d569ca99b53d81e0a06e23187c4d2e63085019161e9,DEVELOPMENT,maze_32_32_4,maze,maze-32-32-4,normalized,24,False,canonical_public_benchmark_map,czr004_derived_on_public_parent_map,True,True,True,1.11060329068,43.250204995274544,0.0,43.250204995274544,False,False,True,True,1.10237659963,59.72027126699686,0.0,59.72027126699686,False,False,True,True,1.09689213894,60.52838172763586,15.325724667705158,75.85410639534102,False,False,True,False,False,0.012345679015236023,0.0,32.603901400066476,True,False,False,0.004975124373867122,0.0,16.13383512834416,True,False,False,0.007407407414544163,0.0,16.470066271722317
g567_gate3b_development_00242,8658e72545001f81a9cb33f8e24eb0590625118f5acd3b6dc2c081351764a0d8,DEVELOPMENT,maze_32_32_4,maze,maze-32-32-4,normalized,24,False,canonical_public_benchmark_map,czr004_derived_on_public_parent_map,True,True,True,1.07575757576,44.84931845217943,0.0,44.84931845217943,False,False,True,True,1.0595959596,90.28046205639839,0.0,90.28046205639839,False,False,True,True,1.0696969697,58.40626452118158,15.325724667705158,73.73198918888674,False,False,True,False,False,0.005633802816325256,0.0,28.88267073670731,True,False,False,-0.009532888464215399,0.009532888464215399,-16.54847286751165,True,False,False,0.015023474176867556,0.0,45.43114360421896
g567_gate3b_development_00243,4f876b9f989c3ce07dd34f290b71eadc91fdfb320236aa77d98e8ba8368de98c,DEVELOPMENT,maze_32_32_4,maze,maze-32-32-4,normalized,24,False,canonical_public_benchmark_map,czr004_derived_on_public_parent_map,True,True,True,1.07314725698,54.818836972117424,0.0,54.818836972117424,False,False,True,True,1.05293551492,57.933966629207134,0.0,57.933966629207134,False,False,True,True,1.04812319538,57.536400854587555,15.325724667705158,72.86212552229271,False,False,True,False,False,0.023318385652330183,0.0,18.04328855017529,True,False,False,0.0045703839141236135,0.0,14.92815889308558,True,False,False,0.01883408071775631,0.0,3.1151296570897102
g567_gate3b_development_00244,a7a1b7cad8dbb1d4c94299d5879477fc357cc88463bb5dd3633969960e54d6af,DEVELOPMENT,maze_32_32_4,maze,maze-32-32-4,normalized,24,False,canonical_public_benchmark_map,czr004_derived_on_public_parent_map,True,True,True,1.11830985915,49.258158542215824,0.0,49.258158542215824,False,False,True,True,1.07699530516,61.495641246438026,0.0,61.495641246438026,False,False,True,True,1.07981220657,54.81523647904396,15.325724667705158,70.14096114674912,False,False,True,False,False,0.034424853062872185,0.0,20.882802604533296,True,False,False,-0.0026155187459999396,0.0026155187459999396,8.645319900311094,True,False,False,0.03694374475192603,0.0,12.237482704222202
g567_gate3b_development_00245,9a16c3ba28415c075bbe4a8aae8b0038b22160f1977a279aa6759c15a80377e1,DEVELOPMENT,maze_32_32_4,maze,maze-32-32-4,normalized,24,True,canonical_public_benchmark_map,movingai_official_random,True,True,True,1.05907626208,51.25894583761692,0.0,51.25894583761692,False,False,True,True,1.04618689581,61.51905748993158,0.0,61.51905748993158,False,False,True,True,1.0537056928,56.29424937069416,15.325724667705158,71.61997403839932,False,False,True,False,False,0.00507099391450098,0.0,20.3610282007824,True,False,False,-0.007186858313856583,0.007186858313856583,10.100916548467737,True,False,False,0.012170385392913664,0.0,10.260111652314663
g567_gate3b_development_00246,4b979813c9c7e85092294fe1a9fc301b39b7ed8138abdcb362ae1efa96cd6697,DEVELOPMENT,maze_32_32_4,maze,maze-32-32-4,normalized,24,True,canonical_public_benchmark_map,movingai_official_random,True,True,True,1.06426056338,51.404597237706184,0.0,51.404597237706184,False,False,True,True,1.0536971831,65.5331052839756,0.0,65.5331052839756,False,False,True,True,1.05985915493,59.2208718881011,15.325724667705158,74.54659655580626,False,False,True,False,False,0.004135649296278937,0.0,23.141999318100076,True,False,False,-0.005847953215430887,0.005847953215430887,9.01349127183066,True,False,False,0.009925558311069657,0.0,14.128508046269417
g567_gate3b_development_00247,eedbb80601ee9bf687fab546a3c74e4cbb87881a7012887fa52bac454a29614f,DEVELOPMENT,maze_32_32_4,maze,maze-32-32-4,normalized,24,True,canonical_public_benchmark_map,movingai_official_random,True,True,True,1.05817782656,45.79276870936155,0.0,45.79276870936155,False,False,True,True,1.03512623491,56.128574535250664,0.0,56.128574535250664,False,False,True,True,1.04610318332,56.116470135748386,15.325724667705158,71.44219480345355,False,False,True,False,False,0.011410788373115852,0.0,25.649426094091993,True,False,False,-0.010604453872193052,0.010604453872193052,15.313620268202882,True,False,False,0.02178423235812602,0.0,10.33580582588911
g567_gate3b_development_00248,d21c7737be3b870184bd777506135953c96e8d18cc1d7e20143eead7db03e1df,DEVELOPMENT,maze_32_32_4,maze,maze-32-32-4,normalized,24,True,canonical_public_benchmark_map,movingai_official_random,True,True,True,1.18668122271,72.52461463212967,0.0,72.52461463212967,False,False,True,True,1.17139737991,63.40947840362787,0.0,63.40947840362787,False,False,True,True,1.17903930131,61.62265408784151,15.325724667705158,76.94837875554667,False,False,True,False,False,0.006439742412497589,0.0,4.423764123417001,True,False,False,-0.0065237651467064265,0.0065237651467064265,13.538900351918798,True,False,False,0.012879484824995178,0.0,-9.115136228501797
g567_gate3b_development_00249,9946ee0fbf2de91c6f8ee18e3ec8dba66d90818bf032f9235691f3aa28ad89e0,DEVELOPMENT,maze_32_32_4,maze,maze-32-32-4,normalized,24,True,canonical_public_benchmark_map,movingai_official_random,True,True,True,1.1505595117,44.90156192332506,0.0,44.90156192332506,False,False,True,True,1.12919633774,55.73615711182356,0.0,55.73615711182356,False,False,True,True,1.12207527976,57.77444876730442,15.325724667705158,73.10017343500958,False,False,True,False,False,0.024756852340400367,0.0,28.19861151168452,True,False,False,0.006306306301216243,0.0,17.36401632318602,True,False,False,0.018567639259645937,0.0,10.834595188498497
g567_gate3b_development_00250,40c8a007f728cd72395fcf217419ad5660e802a034f6c06be19edfac68855b55,DEVELOPMENT,maze_32_32_4,maze,maze-32-32-4,normalized,24,True,canonical_public_benchmark_map,movingai_official_even,True,True,True,1.06417112299,54.63484954088926,0.0,54.63484954088926,False,False,True,True,1.05240641711,78.59009969979525,0.0,78.59009969979525,False,False,True,True,1.05561497326,58.4832513704896,15.325724667705158,73.80897603819476,False,False,True,False,False,0.008040201002597929,0.0,19.174126497305494,True,False,False,-0.003048780488065538,0.003048780488065538,-4.781123661600489,True,False,False,0.011055276379746725,0.0,23.955250158905983
g567_gate3b_development_00251,5ca76814302e254e1b88e58e9f2669a76957b0d6178a33f57707b2bdd3b8c5c5,DEVELOPMENT,maze_32_32_4,maze,maze-32-32-4,normalized,24,True,canonical_public_benchmark_map,movingai_official_random,True,True,True,1.15553602812,51.95456650108099,0.0,51.95456650108099,False,False,True,True,1.14499121265,63.24390601366758,0.0,63.24390601366758,False,False,True,True,1.09578207381,61.65141053497791,15.325724667705158,76.97713520268307,False,False,True,False,False,0.05171102661958261,0.0,25.022568701602083,True,False,False,0.04297774366853784,0.0,13.73322918901549,True,False,False,0.009125475288863103,0.0,11.289339512586594
g567_gate3b_development_00252,ef581b6ec44ccfe6d396e384737e26d5811b1dc34b533a351af2555b1ad05f48,DEVELOPMENT,maze_32_32_4,maze,maze-32-32-4,normalized,24,True,canonical_public_benchmark_map,movingai_official_random,True,True,True,1.06633291615,47.20018059015274,0.0,47.20018059015274,False,False,True,True,1.05757196496,60.051227919757366,0.0,60.051227919757366,False,False,True,True,1.04380475594,58.55649057775736,15.325724667705158,73.88221524546252,False,False,True,False,False,0.021126760572427836,0.0,26.682034655309778,True,False,False,0.01301775148750331,0.0,13.830987325705152,True,False,False,0.00821596244222811,0.0,12.851047329604626
g567_gate3b_development_00253,abfda05d8f58a3eaf00f5b0d32c542c4995e7fdf156199842db22bbd962acb73,DEVELOPMENT,maze_32_32_4,maze,maze-32-32-4,normalized,24,True,canonical_public_benchmark_map,movingai_official_even,True,True,True,1.05299015897,76.93035714328289,0.0,76.93035714328289,False,False,True,True,1.05071915216,63.50228935480118,0.0,63.50228935480118,False,False,True,True,1.05450416351,57.4333481490612,15.325724667705158,72.75907281676636,False,False,True,False,False,-0.00143781452001519,0.00143781452001519,-4.171284326516528,True,False,False,-0.003602305470704727,0.003602305470704727,9.256783461965185,True,False,False,0.0021567217800225738,0.0,-13.428067788481712
g567_gate3b_development_00254,fdaf35aea83810e376a05a3b9729cf08ceb8f87d2d8f7ce38c29e25b333e04f0,DEVELOPMENT,maze_32_32_4,maze,maze-32-32-4,normalized,24,True,canonical_public_benchmark_map,movingai_official_random,True,True,True,1.05681818182,44.503457844257355,0.0,44.503457844257355,False,False,True,True,1.05454545455,60.32422371208668,0.0,60.32422371208668,False,False,True,True,1.03636363636,57.01114982366562,15.325724667705158,72.33687449137078,False,False,True,False,False,0.01935483871480544,0.0,27.833416647113424,True,False,False,0.01724137931802911,0.0,12.012650779284101,True,False,False,0.0021505376318243065,0.0,15.820765867829323
g567_gate3b_development_00255,fadb20adf62649a51bb8c69d1cf38f260541cf6bca79b4ee88ccf83e19c59247,DEVELOPMENT,maze_32_32_4,maze,maze-32-32-4,normalized,32,False,canonical_public_benchmark_map,czr004_derived_on_public_parent_map,True,True,True,1.08361204013,64.57513384521008,0.0,64.57513384521008,False,False,True,True,1.0610367893,82.64345489442348,0.0,82.64345489442348,False,False,True,True,1.07525083612,69.63080074638128,15.325724667705158,84.95652541408644,False,False,True,False,False,0.007716049379625738,0.0,20.381391568876367,True,False,False,-0.013396375095888534,0.013396375095888534,2.3130705196629577,True,False,False,0.020833333327757952,0.0,18.06832104921341
g567_gate3b_development_00256,b9e3391b1a86e0fee8a3466d3a74607700e0301f5e6990d38b99f8adab2c3768,DEVELOPMENT,maze_32_32_4,maze,maze-32-32-4,normalized,32,False,canonical_public_benchmark_map,czr004_derived_on_public_parent_map,True,True,True,1.06318883174,57.8707717359066,0.0,57.8707717359066,False,False,True,True,1.05657604702,74.49116371572018,0.0,74.49116371572018,False,False,True,True,1.05510653931,70.17667591571808,15.325724667705158,85.50240058342324,False,False,True,False,False,0.007601935036105062,0.0,27.631628847516637,True,False,False,0.0013908205794979259,0.0,11.011236867703062,True,False,False,0.006219765033815809,0.0,16.620391979813576
g567_gate3b_development_00257,296713622f9a149ae64d1906651788281cae8697bcef4da7f0fb3c9404651c59,DEVELOPMENT,maze_32_32_4,maze,maze-32-32-4,normalized,32,False,canonical_public_benchmark_map,czr004_derived_on_public_parent_map,True,True,True,1.067927773,57.350847870111465,0.0,57.350847870111465,False,False,True,True,1.05417024936,73.12889862805605,0.0,73.12889862805605,False,False,True,True,1.05331040413,66.96546077728271,15.325724667705158,82.29118544498787,False,False,True,False,False,0.013687600640759794,0.0,24.94033757487641,True,False,False,0.0008156606871821289,0.0,9.162286816931825,True,False,False,0.012882447659688354,0.0,15.778050757944584
g567_gate3b_development_00258,33feef83c45d2220223597c8688ed263d0bd4252f7534f64a7c137ba15e607d0,DEVELOPMENT,maze_32_32_4,maze,maze-32-32-4,normalized,32,True,canonical_public_benchmark_map,movingai_official_even,True,True,True,1.1169550173,54.67109102755785,0.0,54.67109102755785,False,False,True,True,1.09965397924,70.68416383117437,0.0,70.68416383117437,False,False,True,True,1.10034602076,73.43092933297157,15.325724667705158,88.75665400067673,False,False,True,False,False,0.014869888476036153,0.0,34.08556297311888,True,False,False,-0.0006293266182497769,0.0006293266182497769,18.07249016950236,True,False,False,0.015489467160299447,0.0,16.013072803616524
g567_gate3b_development_00259,a516998ea8400cbe746b3ed964683654a8c35d3af1d8ee4146a81c9761b1e57b,DEVELOPMENT,maze_32_32_4,maze,maze-32-32-4,normalized,32,True,canonical_public_benchmark_map,movingai_official_even,True,True,True,1.08672294705,62.99750879406929,0.0,62.99750879406929,False,False,True,True,1.07904834996,83.82819313555956,0.0,83.82819313555956,False,False,True,True,1.07214121259,69.85892914235592,15.325724667705158,85.18465381006108,False,False,True,False,False,0.013418079096961391,0.0,22.18714501599179,True,False,False,0.0064011379751946085,0.0,1.3564606745015197,True,False,False,0.007062146898464949,0.0,20.83068434149027
g567_gate3b_development_00260,7746b90bb191b4dda166db51d9046a43f6a2219e2305a713abf73e0dac6f3fb2,DEVELOPMENT,maze_32_32_4,maze,maze-32-32-4,normalized,32,True,canonical_public_benchmark_map,movingai_official_random,True,True,True,1.09582309582,58.15102905035019,0.0,58.15102905035019,False,False,True,True,1.08681408681,73.36737960577011,0.0,73.36737960577011,False,False,True,True,1.0819000819,71.04410044848919,15.325724667705158,86.36982511619435,False,False,True,False,False,0.012705530640035849,0.0,28.21879606584416,True,False,False,0.004521477012157211,0.0,13.002445510424238,True,False,False,0.00822122571094242,0.0,15.216350555419922
g567_gate3b_development_00261,684a08315b2354e06fb749cf9630a030eefdd9b941ca7d73b137c0eafb9d6d73,DEVELOPMENT,maze_32_32_4,maze,maze-32-32-4,normalized,32,True,canonical_public_benchmark_map,movingai_official_random,True,True,True,1.08068965517,56.19078781455755,0.0,56.19078781455755,False,False,True,True,1.07034482759,76.81546173989773,0.0,76.81546173989773,False,False,True,True,1.07379310345,70.93030773103237,15.325724667705158,86.25603239873753,False,False,True,False,False,0.00638162092790207,0.0,30.06524458417998,True,False,False,-0.0032216494825915354,0.0032216494825915354,9.440570658839803,True,False,False,0.0095724313918529,0.0,20.624673925340176
g567_gate3b_development_00262,7c5d8da3375634a34a8272abf6d124d22e56d17d7335193a4e9154ad80bc8928,DEVELOPMENT,maze_32_32_4,maze,maze-32-32-4,normalized,32,True,canonical_public_benchmark_map,movingai_official_even,True,True,True,1.06401944895,53.775896318256855,0.0,53.775896318256855,False,False,True,True,1.06564019449,72.13275879621506,0.0,72.13275879621506,False,False,True,True,1.06645056726,69.97632887214422,15.325724667705158,85.30205353984938,False,False,True,False,False,-0.002284843864836472,0.002284843864836472,31.526157221592527,True,False,False,-0.0007604562723798055,0.0007604562723798055,13.169294743634325,True,False,False,-0.0015232292432243843,0.0015232292432243843,18.356862477958202
g567_gate3b_development_00263,e6f45ef1b085f09598f030a3c935671c8f4bbb8824284647f17fe460cd4dc5f8,DEVELOPMENT,maze_32_32_4,maze,maze-32-32-4,normalized,32,True,canonical_public_benchmark_map,movingai_official_even,True,True,True,1.07547169811,55.61721697449684,0.0,55.61721697449684,False,False,True,True,1.08490566038,69.95383370667696,0.0,69.95383370667696,False,False,True,True,1.09703504043,73.90362210571766,15.325724667705158,89.22934677342282,False,False,True,False,False,-0.020050125315147424,0.020050125315147424,33.61212979892598,True,False,False,-0.011180124219972753,0.011180124219972753,19.27551306674586,True,False,False,-0.008771929830026096,0.008771929830026096,14.336616732180119
g567_gate3b_development_00264,66b1b960c05c6808e027b08da38508e80372845b2b4c74fe78690990640f1dd3,DEVELOPMENT,maze_32_32_4,maze,maze-32-32-4,normalized,32,True,canonical_public_benchmark_map,movingai_official_random,True,True,True,1.06447091801,60.755605809390545,0.0,60.755605809390545,False,False,True,True,1.05816398038,81.31965063512325,0.0,81.31965063512325,False,False,True,True,1.06166783462,73.35689198225737,15.325724667705158,88.68261664996253,False,False,True,False,False,0.0026333113874453394,0.0,27.92701084057198,True,False,False,-0.0033112582784585085,0.0033112582784585085,7.362966014839273,True,False,False,0.005924950624100337,0.0,20.564044825732708
g567_gate3b_development_00265,3466a9adf3cc41d266a58a074e437cfb8f3fc181824317476f3485b196098bd0,DEVELOPMENT,maze_32_32_4,maze,maze-32-32-4,normalized,32,True,canonical_public_benchmark_map,movingai_official_even,True,True,True,1.12642802742,54.10492792725563,0.0,54.10492792725563,False,False,True,True,1.12338156893,70.03328576683998,0.0,70.03328576683998,False,False,True,True,1.11957349581,68.86106170713902,15.325724667705158,84.18678637484417,False,False,True,False,False,0.006085192700415786,0.0,30.081858447588544,True,False,False,0.0033898305129102173,0.0,14.153500608004194,True,False,False,0.002704530086114563,0.0,15.92835783958435
g567_gate3b_development_00266,e1417fbd60f528b692bed52caa499e0effaf7e0607e49a8d275d37e9ed243021,DEVELOPMENT,maze_32_32_4,maze,maze-32-32-4,normalized,32,True,canonical_public_benchmark_map,movingai_official_even,True,True,True,1.06421356421,51.70107167214155,0.0,51.70107167214155,False,False,True,True,1.05988455988,67.39152409136295,0.0,67.39152409136295,False,False,True,True,1.05050505051,69.56834439188242,15.325724667705158,84.89406905958758,False,False,True,False,False,0.012881355924246461,0.0,33.19299738744603,True,False,False,0.008849557513189861,0.0,17.502544968224626,True,False,False,0.004067796611118653,0.0,15.690452419221401
g567_gate3b_development_00267,4da7fae1463421e610601666a2953726b029b2ffc9d9a4187a51079c224f7cdf,DEVELOPMENT,maze_32_32_4,maze,maze-32-32-4,normalized,32,True,canonical_public_benchmark_map,movingai_official_random,True,True,True,1.07516891892,52.95896716415882,0.0,52.95896716415882,False,False,True,True,1.05236486486,66.61270838230848,0.0,66.61270838230848,False,False,True,True,1.06081081081,68.72127391397953,15.325724667705158,84.04699858168469,False,False,True,False,False,0.013354281227197822,0.0,31.08803141752587,True,False,False,-0.00802568218687512,0.00802568218687512,17.434290199376207,True,False,False,0.021209740775344026,0.0,13.653741218149662
g567_gate3b_development_00268,76aa6773455d304c004364191fc13594c3a4de53db5dc163bd08087dc5eb4fc8,DEVELOPMENT,maze_32_32_4,maze,maze-32-32-4,normalized,48,True,canonical_public_benchmark_map,movingai_official_even,True,True,True,1.12142498746,84.40813887864351,0.0,84.40813887864351,False,False,True,True,1.10085298545,100.39026569575071,0.0,100.39026569575071,False,False,True,True,1.11239337682,102.75804065167904,15.325724667705158,118.0837653193842,False,False,True,False,False,0.008053691277609468,0.0,33.675626440740686,True,False,False,-0.010483135825155308,0.010483135825155308,17.693499623633485,True,False,False,0.018344519018249322,0.0,15.9821268171072
g567_gate3b_development_00269,6be90f20a731c658bdf43483e440f2e2aa2ab12d10f94b7fe7b1f048978c9d63,DEVELOPMENT,maze_32_32_4,maze,maze-32-32-4,normalized,48,True,canonical_public_benchmark_map,movingai_official_random,True,True,True,1.14504596527,72.367156855762,0.0,72.367156855762,False,False,True,True,1.1062308478,97.64211717993021,0.0,97.64211717993021,False,False,True,True,1.12717058223,101.74039844423532,15.325724667705158,117.06612311194048,False,False,True,False,False,0.015611061548769388,0.0,44.69896625617848,True,False,False,-0.01892890120687156,0.01892890120687156,19.424005932010274,True,False,False,0.033898305087558166,0.0,25.274960324168205
g567_gate3b_development_00270,8cad45a1c1f81b911733e10db0af711d08c8056d6c465a54371387d4d5a79bc3,DEVELOPMENT,maze_32_32_4,maze,maze-32-32-4,normalized,48,True,canonical_public_benchmark_map,movingai_official_random,True,True,True,1.11032448378,75.19765477627516,0.0,75.19765477627516,False,False,True,True,1.07787610619,109.32329390197992,0.0,109.32329390197992,False,False,True,True,1.09262536873,95.53432278335094,15.325724667705158,110.8600474510561,False,False,True,False,False,0.015940488846778227,0.0,35.662392674780946,True,False,False,-0.013683634376250099,0.013683634376250099,1.536753549076181,True,False,False,0.02922422955092585,0.0,34.125639125704765
g567_gate3b_development_00271,245a33317a640b50af1f42ef45eba06a21a257ea63d5eac1c1b881496d43df8f,DEVELOPMENT,maze_32_32_4,maze,maze-32-32-4,normalized,48,True,canonical_public_benchmark_map,movingai_official_even,True,True,True,1.10015898251,72.1479207277298,0.0,72.1479207277298,False,False,True,True,1.06306306306,103.91242057085037,0.0,103.91242057085037,False,False,True,True,1.07578166402,99.18050095438957,15.325724667705158,114.50622562209473,False,False,True,False,False,0.02215799614196073,0.0,42.358304894364935,True,False,False,-0.01196410768274633,0.01196410768274633,10.59380505124436,True,False,False,0.03371868978914857,0.0,31.764499843120575
g567_gate3b_development_00272,7530467f328da95a7f24541ac57a7c90c46a279b8a4b8baaa0eab664cf9c341d,DEVELOPMENT,maze_32_32_4,maze,maze-32-32-4,normalized,48,True,canonical_public_benchmark_map,movingai_official_even,True,True,True,1.13579049467,73.79224617034197,0.0,73.79224617034197,False,False,True,True,1.13385063046,93.65030005574226,0.0,93.65030005574226,False,False,True,True,1.13967022308,101.6712998971343,15.325724667705158,116.99702456483946,False,False,True,False,False,-0.0034158838520015108,0.0034158838520015108,43.204778394497495,True,False,False,-0.00513259195140985,0.00513259195140985,23.3467245090972,True,False,False,0.0017079419304028784,0.0,19.858053885400295
g567_gate3b_development_00273,b1b85a87f1f38aa4bd5fa17936c235ced115eb88949583eedbb2c54ff75b0bb4,DEVELOPMENT,maze_32_32_4,maze,maze-32-32-4,normalized,48,True,canonical_public_benchmark_map,movingai_official_even,True,True,True,1.08704156479,74.47998784482479,0.0,74.47998784482479,False,False,True,True,1.08899755501,95.5625819042325,0.0,95.5625819042325,False,False,True,True,1.09633251834,102.95369289815426,15.325724667705158,118.27941756585942,False,False,True,False,False,-0.008547008551411502,0.008547008551411502,43.79942972103463,True,False,False,-0.006735518639371591,0.006735518639371591,22.716835661626916,True,False,False,-0.0017993702203814013,0.0017993702203814013,21.08259405940771
g567_gate3b_development_00274,72b0904d061fe76adb7f56d6357dfb78d02a8cdb72ceb917bdb5b2d345458812,DEVELOPMENT,maze_32_32_4,maze,maze-32-32-4,normalized,48,True,canonical_public_benchmark_map,movingai_official_random,True,True,True,1.11501757911,81.1330946162343,0.0,81.1330946162343,False,False,True,True,1.13661476645,103.74131798744202,0.0,103.74131798744202,False,False,True,True,1.11752887996,104.85084727406502,15.325724667705158,120.17657194177018,False,False,True,False,False,-0.002252252248798138,0.002252252248798138,39.043477325535875,True,False,False,0.01679186920086478,0.0,16.43525395432816,True,False,False,-0.01936936936656959,0.01936936936656959,22.608223371207714
g567_gate3b_development_00275,2f87c1f9e7333e4e1eaa6b98c352ae2e48d6a11e76b48d98d512207ac831ea8e,DEVELOPMENT,maze_32_32_4,maze,maze-32-32-4,normalized,48,True,canonical_public_benchmark_map,movingai_official_random,True,True,True,1.0853899309,79.64178919792175,0.0,79.64178919792175,False,False,True,True,1.06367226061,93.73725391924381,0.0,93.73725391924381,False,False,True,True,1.09131293189,101.0630326345563,15.325724667705158,116.38875730226145,False,False,True,False,False,-0.005457025923474948,0.005457025923474948,36.7469681043397,True,False,False,-0.025986078892523162,0.025986078892523162,22.65150338301764,True,False,False,0.02000909504659929,0.0,14.09546472132206
g567_gate3b_development_00276,ec02104cf93da7658cb98c77a5825ca54b8342b8ea0b61ffb381d759e1d959e0,DEVELOPMENT,maze_32_32_4,maze,maze-32-32-4,normalized,48,True,canonical_public_benchmark_map,movingai_official_even,True,True,True,1.09891732283,76.97177585214376,0.0,76.97177585214376,False,False,True,True,1.07578740157,93.32846477627754,0.0,93.32846477627754,False,False,True,True,1.09547244094,95.96487786620855,15.325724667705158,111.29060253391371,False,False,True,False,False,0.003134796238472649,0.0,34.31882668176995,True,False,False,-0.01829826166515041,0.01829826166515041,17.96213775763617,True,False,False,0.02104791759987404,0.0,16.356688924133778
g567_gate3b_development_00277,27442d77641440cc8773f6f9c733e32f0bb5fd35e4ff4477bbf3f8ec506c566a,DEVELOPMENT,maze_32_32_4,maze,maze-32-32-4,normalized,48,True,canonical_public_benchmark_map,movingai_official_even,True,True,True,1.08862629247,73.31562228500843,0.0,73.31562228500843,False,False,True,True,1.07779419005,94.37405969947577,0.0,94.37405969947577,False,False,True,True,1.09059576563,101.71226505190134,15.325724667705158,117.0379897196065,False,False,True,False,False,-0.0018091361320434313,0.0018091361320434313,43.72236743459807,True,False,False,-0.011877569667921542,0.011877569667921542,22.663930020130735,True,False,False,0.009950248762982634,0.0,21.058437414467335
g567_gate3b_development_00278,aee5947433d46dd462d38f9a57c3b060751e5e69d7aa0d7bef11de24b04c8240,DEVELOPMENT,maze_32_32_4,maze,maze-32-32-4,normalized,48,True,canonical_public_benchmark_map,movingai_official_even,True,True,True,1.26491994178,81.54919650405645,0.0,81.54919650405645,False,False,True,True,1.21251819505,94.17321160435677,0.0,94.17321160435677,False,False,True,True,1.21251819505,103.89251075685024,15.325724667705158,119.2182354245554,False,False,True,False,False,0.04142692750677964,0.0,37.66903892049895,True,False,False,0.0,0.0,25.045023820198637,True,False,False,0.04142692750677964,0.0,12.624015100300312
g567_gate3b_development_00279,221ff9347d2d231d285c64081d1dc48a9a33677a9312a354affac3f749b6bc27,DEVELOPMENT,maze_32_32_4,maze,maze-32-32-4,normalized,48,True,canonical_public_benchmark_map,movingai_official_even,True,True,True,1.07698999565,77.32353080064058,0.0,77.32353080064058,False,False,True,True,1.07742496738,94.1063417121768,0.0,94.1063417121768,False,False,True,True,1.09177903436,100.39652232080698,15.325724667705158,115.72224698851214,False,False,True,False,False,-0.013731825522737887,0.013731825522737887,38.39871618787156,True,False,False,-0.013322567616847691,0.013322567616847691,21.61590527633534,True,False,False,-0.00040387722426107257,0.00040387722426107257,16.782810911536217
g567_gate3b_development_00280,80ff5b2cccbb7268263d9542b04d0ad5a1b00cc07bdd67e6ca836778fe27b7d2,DEVELOPMENT,maze_32_32_4,maze,maze-32-32-4,normalized,384,False,canonical_public_benchmark_map,czr004_derived_on_public_parent_map,True,True,True,3.79233621755,4559.502839110792,0.0,4559.502839110792,False,False,True,True,3.57029471082,3363.882290199399,0.0,3363.882290199399,False,False,True,True,3.49424240453,2822.3730977624655,15.325724667705158,2837.698822430171,False,False,True,False,False,0.0786042681660173,0.0,-1721.8040166806209,True,False,False,0.02130140855305826,0.0,-526.1834677692282,True,False,False,0.05855005832617018,0.0,-1195.6205489113927
g567_gate3b_development_00281,4d2a69b0614596530d25abb5f84a9da988ffe63a223168c47bf1f132cb0928d0,DEVELOPMENT,maze_32_32_4,maze,maze-32-32-4,normalized,384,False,canonical_public_benchmark_map,czr004_derived_on_public_parent_map,True,True,True,3.63206902973,2702.4881448596716,0.0,2702.4881448596716,False,False,True,True,3.37333167794,2108.1241006031632,0.0,2108.1241006031632,False,False,True,True,3.58215904153,1530.9906620532274,15.325724667705158,1546.3163867209325,False,False,True,False,False,0.013741475668954945,0.0,-1156.171758138739,True,False,False,-0.061905375316525436,0.061905375316525436,-561.8077138822307,True,False,False,0.07123690372405553,0.0,-594.3640442565084
g567_gate3b_development_00282,d2a68d4411e1aa1e67326cf1a108edea168391a47c81dfb4d50a0d327392eb67,DEVELOPMENT,maze_32_32_4,maze,maze-32-32-4,normalized,384,False,canonical_public_benchmark_map,czr004_derived_on_public_parent_map,True,True,True,3.87963020413,3975.8975598961115,0.0,3975.8975598961115,False,False,True,True,3.42991871936,2723.2517609372735,0.0,2723.2517609372735,False,False,True,True,3.27350003102,1725.5154754966497,15.325724667705158,1740.8412001643549,False,False,True,False,False,0.1562340071651039,0.0,-2235.056359731757,True,False,False,0.04560419681583192,0.0,-982.4105607729186,True,False,False,0.11591606960149628,0.0,-1252.645798958838
g567_gate3b_development_00283,4614cb9b8af1d0f61a41eea4932363cc2417408adb8a46fba3d2afb51f4700cd,DEVELOPMENT,maze_32_32_4,maze,maze-32-32-4,normalized,384,False,canonical_public_benchmark_map,czr004_derived_on_public_parent_map,True,True,True,3.57327277074,3115.1128662750125,0.0,3115.1128662750125,False,False,True,True,3.59317475496,2015.6584363430738,0.0,2015.6584363430738,False,False,True,True,3.87861582596,1623.5574539750814,15.325724667705158,1638.8831786427866,False,False,True,False,False,-0.08545193015219081,0.08545193015219081,-1476.229687632226,True,False,False,-0.07943979641011846,0.07943979641011846,-376.7752577002873,True,False,False,-0.005569679533834903,0.005569679533834903,-1099.4544299319386
g567_gate3b_development_00284,f3fac5d102340695acdecff8e121b1e33267dfea2b036679efc33e737bdf4ea6,DEVELOPMENT,maze_32_32_4,maze,maze-32-32-4,normalized,384,False,canonical_public_benchmark_map,czr004_derived_on_public_parent_map,True,True,True,4.01835201379,3059.669761918485,0.0,3059.669761918485,False,False,True,True,3.70507451657,2132.070363499224,0.0,2132.070363499224,False,False,True,True,3.50117009484,1811.600809916854,15.325724667705158,1826.926534584559,False,False,True,False,False,0.12870498084168802,0.0,-1232.7432273339261,True,False,False,0.05503382477682687,0.0,-305.14382891466516,True,False,False,0.07796168582167735,0.0,-927.599398419261
g567_gate3b_development_00293,fb81ce17be0b2073c7d8ad388378cea0c7ade699231a107ba0f7aa8df3fbda37,DEVELOPMENT,random_32_32_20,random,random-32-32-20,normalized,12,False,canonical_public_benchmark_map,czr004_derived_on_public_parent_map,True,True,True,1.07118644068,34.32908374816179,0.0,34.32908374816179,False,False,True,True,1.02711864407,39.4405722618103,0.0,39.4405722618103,False,False,True,True,1.00677966102,43.77462435513735,15.325724667705158,59.10034902284251,False,False,True,False,False,0.06012658227741755,0.0,24.771265274680715,True,False,False,0.019801980197152277,0.0,19.659776761032205,True,False,False,0.041139240506092814,0.0,5.11148851364851
g567_gate3b_development_00294,58fb5b96d7d83ee7aaba6c0d060efe0a93900c66ce18be02af4c904d37729ed1,DEVELOPMENT,random_32_32_20,random,random-32-32-20,normalized,12,False,canonical_public_benchmark_map,czr004_derived_on_public_parent_map,True,True,True,1.00784313725,34.619358368217945,0.0,34.619358368217945,False,False,True,True,1.00784313725,39.66894745826721,0.0,39.66894745826721,False,False,True,True,1.00784313725,38.3376507088542,15.325724667705158,53.66337537655936,False,False,True,False,False,0.0,0.0,19.044017008341413,True,False,False,0.0,0.0,13.994427918292146,True,False,False,0.0,0.0,5.049589090049267
g567_gate3b_development_00295,ac5f6be13c4fdc73784707b620c9596b705f973f793f936dca34b79dbd2cfeb9,DEVELOPMENT,random_32_32_20,random,random-32-32-20,normalized,12,False,canonical_public_benchmark_map,czr004_derived_on_public_parent_map,True,True,True,1.04104477612,32.11063053458929,0.0,32.11063053458929,False,False,True,True,1.03731343284,37.557910196483135,0.0,37.557910196483135,False,False,True,True,1.02611940299,37.64394856989384,15.325724667705158,52.969673237599,False,False,True,False,False,0.014336917558557956,0.0,20.859042703009706,True,False,False,0.010791366905711875,0.0,15.411763041115861,True,False,False,0.003584229387238002,0.0,5.447279661893845
g567_gate3b_development_00296,31649b498de7ed76b587f4f816f31c643e00a429a7737c6a3025e13412e5b4f3,DEVELOPMENT,random_32_32_20,random,random-32-32-20,normalized,12,False,canonical_public_benchmark_map,czr004_derived_on_public_parent_map,True,True,True,1.06329113924,32.370259054005146,0.0,32.370259054005146,False,False,True,True,1.00843881857,38.1390992552042,0.0,38.1390992552042,False,False,True,True,1.00843881857,42.677588760852814,15.325724667705158,58.00331342855797,False,False,True,False,False,0.05158730158252458,0.0,25.633054374552827,True,False,False,0.0,0.0,19.864214173353773,True,False,False,0.05158730158252458,0.0,5.768840201199055
g567_gate3b_development_00297,cc050b13888354fdc150ee4fafd5339ad1261b9e258e52eb25fb7158e50af1c2,DEVELOPMENT,random_32_32_20,random,random-32-32-20,normalized,12,False,canonical_public_benchmark_map,czr004_derived_on_public_parent_map,True,True,True,1.02888086643,35.139706917107105,0.0,35.139706917107105,False,False,True,True,1.02166064982,43.14326588064432,0.0,43.14326588064432,False,False,True,True,1.00722021661,39.254071190953255,15.325724667705158,54.579795858658414,False,False,True,False,False,0.021052631579356645,0.0,19.44008894155131,True,False,False,0.014134275615434804,0.0,11.436529978014093,True,False,False,0.007017543863025243,0.0,8.003558963537216
g567_gate3b_development_00298,2742d0b84d656374bcb0a49339e75d07fa077031ac3b90b12ddf3f516a994a25,DEVELOPMENT,random_32_32_20,random,random-32-32-20,normalized,12,False,canonical_public_benchmark_map,czr004_derived_on_public_parent_map,True,True,True,1.05791505792,33.93294382840395,0.0,33.93294382840395,False,False,True,True,1.01158301158,44.03605777770281,0.0,44.03605777770281,False,False,True,True,1.00772200772,39.96563609689474,15.325724667705158,55.2913607645999,False,False,True,False,False,0.047445255480800336,0.0,21.35841693619595,True,False,False,0.0038167938921487574,0.0,11.255302986897092,True,False,False,0.04379562044526995,0.0,10.103113949298859
g567_gate3b_development_00299,205b802cd99a3ce903aa478f70faee0cd31733c7c998b9b1a30eb21a4d793076,DEVELOPMENT,random_32_32_20,random,random-32-32-20,normalized,12,False,canonical_public_benchmark_map,czr004_derived_on_public_parent_map,True,True,True,1.07647058824,33.06767251342535,0.0,33.06767251342535,False,False,True,True,1.04411764706,40.05793388932943,0.0,40.05793388932943,False,False,True,True,1.01176470588,41.401565074920654,15.325724667705158,56.727289742625814,False,False,True,False,False,0.06010928962378111,0.0,23.659617229200464,True,False,False,0.030985915496303206,0.0,16.66935585329638,True,False,False,0.030054644811890557,0.0,6.990261375904083
g567_gate3b_development_00300,998970188eb69f2127cfced195f9ad3bd853acc3ae10eb554c1c23aab76121c5,DEVELOPMENT,random_32_32_20,random,random-32-32-20,normalized,12,False,canonical_public_benchmark_map,czr004_derived_on_public_parent_map,True,True,True,1.01683501684,32.662808895111084,0.0,32.662808895111084,False,False,True,True,1.01683501684,38.52653782814741,0.0,38.52653782814741,False,False,True,True,1.00336700337,41.075026616454124,15.325724667705158,56.400751284159284,False,False,True,False,False,0.013245033114471554,0.0,23.7379423890482,True,False,False,0.013245033114471554,0.0,17.874213456011873,True,False,False,0.0,0.0,5.863728933036327
g567_gate3b_development_00301,f242be02e32ec577409294511bc79cc3c36c8d5d317147fbb66d66c7ea7dc6c4,DEVELOPMENT,random_32_32_20,random,random-32-32-20,normalized,12,False,canonical_public_benchmark_map,czr004_derived_on_public_parent_map,True,True,True,1.0,34.68538820743561,0.0,34.68538820743561,False,False,True,True,1.0,37.99260873347521,0.0,37.99260873347521,False,False,True,True,1.0,40.021590888500214,15.325724667705158,55.34731555620537,False,False,True,False,False,0.0,0.0,20.661927348769765,True,False,False,0.0,0.0,17.354706822730165,True,False,False,0.0,0.0,3.3072205260396004
g567_gate3b_development_00302,0e18662390152b9e42179493f6f37586eac7a531bd56b3ce0c0e990c382fe283,DEVELOPMENT,random_32_32_20,random,random-32-32-20,normalized,12,False,canonical_public_benchmark_map,czr004_derived_on_public_parent_map,True,True,True,1.01879699248,31.863189302384853,0.0,31.863189302384853,False,False,True,True,1.01879699248,39.215355180203915,0.0,39.215355180203915,False,False,True,True,1.01127819549,41.73699580132961,15.325724667705158,57.06272046903477,False,False,True,False,False,0.007380073798311209,0.0,25.19953116664992,True,False,False,0.007380073798311209,0.0,17.847365288830858,True,False,False,0.0,0.0,7.352165877819061
g567_gate3b_development_00303,99c108b1013c0f231c8e29fd057b51a353d38565b12dd1957ce7f8139724a513,DEVELOPMENT,random_32_32_20,random,random-32-32-20,normalized,12,False,canonical_public_benchmark_map,czr004_derived_on_public_parent_map,True,True,True,1.06692913386,44.44149322807789,0.0,44.44149322807789,False,False,True,True,1.02362204724,40.68731050938368,0.0,40.68731050938368,False,False,True,True,1.01968503937,40.57835042476654,15.325724667705158,55.9040750924717,False,False,True,False,False,0.04428044280605346,0.0,11.462581864393812,True,False,False,0.003846153842246,0.0,15.216764583088022,True,False,False,0.04059040590945444,0.0,-3.75418271869421
g567_gate3b_development_00304,ce9454defb41668acd94a45ee0c54f0ac2240a8dbc4b0ba120925b0d34395a58,DEVELOPMENT,random_32_32_20,random,random-32-32-20,normalized,12,True,canonical_public_benchmark_map,movingai_official_random,True,True,True,1.03472222222,31.47877473384142,0.0,31.47877473384142,False,False,True,True,1.03472222222,40.906486101448536,0.0,40.906486101448536,False,False,True,True,1.01388888889,38.75616658478975,15.325724667705158,54.08189125249491,False,False,True,False,False,0.02013422818474137,0.0,22.603116518653493,True,False,False,0.02013422818474137,0.0,13.175405151046377,True,False,False,0.0,0.0,9.427711367607117
g567_gate3b_development_00305,895059788ae0c8c8dbab29010c0b7aeef695217a9ee5ae6ccec01c55e8344cf6,DEVELOPMENT,random_32_32_20,random,random-32-32-20,normalized,12,True,canonical_public_benchmark_map,movingai_official_random,True,True,True,1.0,38.07865921407938,0.0,38.07865921407938,False,False,True,True,1.0,35.90330481529236,0.0,35.90330481529236,False,False,True,True,1.0,37.776486948132515,15.325724667705158,53.102211615837675,False,False,True,False,False,0.0,0.0,15.023552401758295,True,False,False,0.0,0.0,17.198906800545316,True,False,False,0.0,0.0,-2.1753543987870216
g567_gate3b_development_00306,c3e617be2d20d32b24bdede1e10ccc5ed2964e5468d5ff42eee7d98c42131cb9,DEVELOPMENT,random_32_32_20,random,random-32-32-20,normalized,12,True,canonical_public_benchmark_map,movingai_official_random,True,True,True,1.01255230126,32.897062599658966,0.0,32.897062599658966,False,False,True,True,1.00836820084,36.77294310182333,0.0,36.77294310182333,False,False,True,True,1.00418410042,36.59576456993818,15.325724667705158,51.92148923764334,False,False,True,False,False,0.008264462813018816,0.0,19.024426637984376,True,False,False,0.0041493775949245125,0.0,15.148546135820013,True,False,False,0.004132231406509518,0.0,3.875880502164364
g567_gate3b_development_00307,4f43f3497cad0688ac3aaac31e5db24fa248956082958a42997a6addadfa3f6e,DEVELOPMENT,random_32_32_20,random,random-32-32-20,normalized,12,True,canonical_public_benchmark_map,movingai_official_random,True,True,True,1.04494382022,33.24293810874224,0.0,33.24293810874224,False,False,True,True,1.04494382022,43.386626057326794,0.0,43.386626057326794,False,False,True,True,1.02996254682,39.67895358800888,15.325724667705158,55.00467825571404,False,False,True,False,False,0.014336917554903557,0.0,21.761740146971803,True,False,False,0.014336917554903557,0.0,11.618052198387247,True,False,False,0.0,0.0,10.143687948584557
g567_gate3b_development_00308,3757e294de8818aa628b9aeafad865dcce7500eab0efc9c454d885edb4a01038,DEVELOPMENT,random_32_32_20,random,random-32-32-20,normalized,12,True,canonical_public_benchmark_map,movingai_official_even,True,True,True,1.00975609756,53.728390485048294,0.0,53.728390485048294,False,False,True,True,1.00975609756,57.91719816625118,0.0,57.91719816625118,False,False,True,True,1.00975609756,37.076507695019245,15.325724667705158,52.402232362724405,False,False,True,False,False,0.0,0.0,-1.3261581223238892,True,False,False,0.0,0.0,-5.514965803526778,True,False,False,0.0,0.0,4.1888076812028885
g567_gate3b_development_00309,e3009482edfb94c84ed0d0c6a28e102283559be9206ca56cd87b2b6fbc8bc300,DEVELOPMENT,random_32_32_20,random,random-32-32-20,normalized,12,True,canonical_public_benchmark_map,movingai_official_even,True,True,True,1.02597402597,34.0154692530632,0.0,34.0154692530632,False,False,True,True,1.02597402597,39.406245574355125,0.0,39.406245574355125,False,False,True,True,1.01731601732,46.39790207147598,15.325724667705158,61.72362673918114,False,False,True,False,False,0.008438818557628151,0.0,27.70815748611794,True,False,False,0.008438818557628151,0.0,22.317381164826017,True,False,False,0.0,0.0,5.3907763212919235
g567_gate3b_development_00310,a72312745d42e1649f5c86cd34f525a3139c19c86dabb5ad5cb3621359e87286,DEVELOPMENT,random_32_32_20,random,random-32-32-20,normalized,12,True,canonical_public_benchmark_map,movingai_official_even,True,True,True,1.05020920502,32.646709121763706,0.0,32.646709121763706,False,False,True,True,1.02510460251,42.87523124366999,0.0,42.87523124366999,False,False,True,True,1.00418410042,41.24457575380802,15.325724667705158,56.57030042151318,False,False,True,False,False,0.04382470119286708,0.0,23.923591299749475,True,False,False,0.02040816326331514,0.0,13.695069177843195,True,False,False,0.023904382469702348,0.0,10.22852212190628
g567_gate3b_development_00311,bfc7be0f32cc891eba17c9cec65f6d6d86eb28d2e7612e88d414f70471d1b269,DEVELOPMENT,random_32_32_20,random,random-32-32-20,normalized,12,True,canonical_public_benchmark_map,movingai_official_even,True,True,True,1.04435483871,32.19725005328655,0.0,32.19725005328655,False,False,True,True,1.02822580645,43.763366527855396,0.0,43.763366527855396,False,False,True,True,1.00806451613,39.04980048537254,15.325724667705158,54.3755251530777,False,False,True,False,False,0.03474903474840624,0.0,22.17827509979115,True,False,False,0.019607843134775985,0.0,10.612158625222307,True,False,False,0.015444015445863806,0.0,11.566116474568844
g567_gate3b_development_00328,3fa274fd49fd3fcf90aea6c60e3e19ee228cac7bf76b6131fce0362d7a3ba685,DEVELOPMENT,random_32_32_20,random,random-32-32-20,normalized,64,False,canonical_public_benchmark_map,czr004_derived_on_public_parent_map,True,True,True,1.18951902369,101.65300313383341,0.0,101.65300313383341,False,False,True,True,1.12993539124,131.6343955695629,0.0,131.6343955695629,False,False,True,True,1.12060301508,136.6302715614438,15.325724667705158,151.95599622914895,False,False,True,False,False,0.05793602896422462,0.0,50.30299309531554,True,False,False,0.008259212192441138,0.0,20.32160065958604,True,False,False,0.05009052504697725,0.0,29.981392435729504
g567_gate3b_development_00329,c46a9037d10056f7731968a9208c6f01af8ca73c75c457bf3a8c3af76d683aa3,DEVELOPMENT,random_32_32_20,random,random-32-32-20,normalized,64,False,canonical_public_benchmark_map,czr004_derived_on_public_parent_map,True,True,True,1.1661849711,99.37019180506468,0.0,99.37019180506468,False,False,True,True,1.13078034682,132.12651200592518,0.0,132.12651200592518,False,False,True,True,1.12716763006,135.43089479207993,15.325724667705158,150.75661945978507,False,False,True,False,False,0.03345724907018577,0.0,51.38642765472039,True,False,False,0.003194888176257849,0.0,18.630107453859893,True,False,False,0.03035935564030193,0.0,32.7563202008605
g567_gate3b_development_00330,77d9ea72cca9d6ce96c8540594f644739cc757f57dea43d37c645bf77cab7918,DEVELOPMENT,random_32_32_20,random,random-32-32-20,normalized,64,False,canonical_public_benchmark_map,czr004_derived_on_public_parent_map,True,True,True,1.14615384615,100.63714254647493,0.0,100.63714254647493,False,False,True,True,1.10559440559,131.75521325320005,0.0,131.75521325320005,False,False,True,True,1.12167832168,142.36447773873806,15.325724667705158,157.6902024064432,False,False,True,False,False,0.021354484436984515,0.0,57.05305985996827,True,False,False,-0.014547754591266001,0.014547754591266001,25.93498915324315,True,False,False,0.035387431361192614,0.0,31.11807070672512
g567_gate3b_development_00331,80af5ae5445cac8f7f7746baeab4587a51acd3739f4aed8ded7d8df92f9f3188,DEVELOPMENT,random_32_32_20,random,random-32-32-20,normalized,64,False,canonical_public_benchmark_map,czr004_derived_on_public_parent_map,True,True,True,1.15917745621,103.73362619429827,0.0,103.73362619429827,False,False,True,True,1.10281797411,129.87308204174042,0.0,129.87308204174042,False,False,True,True,1.11195734958,137.8883495926857,15.325724667705158,153.21407426039084,False,False,True,False,False,0.04073587385350725,0.0,49.48044806609258,True,False,False,-0.008287292812193852,0.008287292812193852,23.340992218650428,True,False,False,0.04862023652898726,0.0,26.13945584744215
g567_gate3b_development_00332,16c104a60678016f5553f101b3b37bef584a46a4882f0dce7f10b0b29b7cffd2,DEVELOPMENT,random_32_32_20,random,random-32-32-20,normalized,64,False,canonical_public_benchmark_map,czr004_derived_on_public_parent_map,True,True,True,1.13431876607,105.82030564546585,0.0,105.82030564546585,False,False,True,True,1.10925449871,133.0846082419157,0.0,133.0846082419157,False,False,True,True,1.11311053985,137.31008395552635,15.325724667705158,152.6358086232315,False,False,True,False,False,0.01869688385168722,0.0,46.81550297776565,True,False,False,-0.003476245662726193,0.003476245662726193,19.551200381315795,True,False,False,0.022096317287281283,0.0,27.264302596449852
g567_gate3b_development_00333,c91157f8d0afe3372a7627044186458a7a7d3aee890a20f67d9dbbbde0697516,DEVELOPMENT,random_32_32_20,random,random-32-32-20,normalized,64,False,canonical_public_benchmark_map,czr004_derived_on_public_parent_map,True,True,True,1.13830426939,100.14901962131262,0.0,100.14901962131262,False,False,True,True,1.10643415514,132.51361157745123,0.0,132.51361157745123,False,False,True,True,1.11304870716,130.3379526361823,15.325724667705158,145.66367730388745,False,False,True,False,False,0.022187004748329908,0.0,45.514657682574835,True,False,False,-0.005978260874604756,0.005978260874604756,13.150065726436225,True,False,False,0.02799788695080506,0.0,32.36459195613861
g567_gate3b_development_00334,f0bd936516295f1ca38e4d2a39eee65020321585ae374c7003220bc318aa010f,DEVELOPMENT,random_32_32_20,random,random-32-32-20,normalized,64,False,canonical_public_benchmark_map,czr004_derived_on_public_parent_map,True,True,True,1.15578539108,100.69806687533855,0.0,100.69806687533855,False,False,True,True,1.12475759535,131.97742961347103,0.0,131.97742961347103,False,False,True,True,1.10148674855,137.33925856649876,15.325724667705158,152.6649832342039,False,False,True,False,False,0.046979865768386114,0.0,51.96691635886535,True,False,False,0.020689655172107232,0.0,20.68755362073287,True,False,False,0.026845637580698904,0.0,31.279362738132477
g567_gate3b_development_00344,bfca8451ad6bad3efc5be23cd67322b763dec67fffff770ea244885ad61b9658,DEVELOPMENT,random_32_32_20,random,random-32-32-20,normalized,192,True,canonical_public_benchmark_map,movingai_official_random,True,True,True,1.41189320388,276.98348741978407,0.0,276.98348741978407,False,False,True,True,1.42402912621,359.3079699203372,0.0,359.3079699203372,False,False,True,True,1.43567961165,386.96887623518705,15.325724667705158,402.2946009028922,False,False,True,False,False,-0.016847172084002403,0.016847172084002403,125.31111348310816,True,False,False,-0.008181353334399306,0.008181353334399306,42.98663098255503,True,False,False,-0.008595495960069368,0.008595495960069368,82.32448250055313
g567_gate3b_development_00345,ea54614961de2a659ab838949d220b6a5ebb51a8942f82dcf435a74677c094d0,DEVELOPMENT,random_32_32_20,random,random-32-32-20,normalized,192,True,canonical_public_benchmark_map,movingai_official_random,True,True,True,1.39667350194,284.44598987698555,0.0,284.44598987698555,False,False,True,True,1.37753474596,360.0908340886235,0.0,360.0908340886235,False,False,True,True,1.4032809296,388.5496435686946,15.325724667705158,403.87536823639977,False,False,True,False,False,-0.0047308319738450485,0.0047308319738450485,119.42937835941422,True,False,False,-0.018690043002913496,0.018690043002913496,43.78453414777624,True,False,False,0.013703099509954202,0.0,75.64484421163797
g567_gate3b_development_00346,3ced9a198d2a60a341399703e982ecc2faeb45d050f4aa90aae45ed4f21eec65,DEVELOPMENT,random_32_32_20,random,random-32-32-20,normalized,192,True,canonical_public_benchmark_map,movingai_official_random,True,True,True,1.39407407407,259.0100448578596,0.0,259.0100448578596,False,False,True,True,1.42098765432,359.8418300971389,0.0,359.8418300971389,False,False,True,True,1.40296296296,394.82707623392344,15.325724667705158,410.1528009016286,False,False,True,False,False,-0.006376195537478824,0.006376195537478824,151.142756043769,True,False,False,0.01268462206916604,0.0,50.31097080448973,True,False,False,-0.019305703154944846,0.019305703154944846,100.83178523927927
g567_gate3b_development_00347,9d2d7f01dd7f9aa1ddb4b4c5c38d35ec7864c56be34c9061d1a4ad951ea1588e,DEVELOPMENT,random_32_32_20,random,random-32-32-20,normalized,192,True,canonical_public_benchmark_map,movingai_official_random,True,True,True,1.42428605712,289.9581054225564,0.0,289.9581054225564,False,False,True,True,1.40820734341,363.754796795547,0.0,363.754796795547,False,False,True,True,1.40868730502,388.5968020185828,15.325724667705158,403.922526686288,False,False,True,False,False,0.010951979781043253,0.0,113.9644212637316,True,False,False,-0.00034083163409568106,0.00034083163409568106,40.167729890740986,True,False,False,0.011288963779166834,0.0,73.79669137299061
g567_gate3b_development_00348,f445b93b5cf8dc1330ed4782d00bcc6f28ca974c56fa3594d6c6a555c273b69e,DEVELOPMENT,random_32_32_20,random,random-32-32-20,normalized,192,True,canonical_public_benchmark_map,movingai_official_random,True,True,True,1.42718681851,276.9057918339968,0.0,276.9057918339968,False,False,True,True,1.42815604555,359.7994288429618,0.0,359.7994288429618,False,False,True,True,1.44099830385,395.19359171390533,15.325724667705158,410.5193163816105,False,False,True,False,False,-0.009677419354544865,0.009677419354544865,133.61352454761374,True,False,False,-0.008992195453721843,0.008992195453721843,50.71988753864872,True,False,False,-0.0006791171467038868,0.0006791171467038868,82.89363700896502
g567_gate3b_development_00349,f7163a3edafcd294a0879a788f05e4b4257a11ef59faf4bd825a7fee80604e5b,DEVELOPMENT,random_32_32_20,random,random-32-32-20,normalized,192,True,canonical_public_benchmark_map,movingai_official_random,True,True,True,1.41369671558,265.97851142287254,0.0,265.97851142287254,False,False,True,True,1.3904029816,362.1576940640807,0.0,362.1576940640807,False,False,True,True,1.46144887025,389.0287196263671,15.325724667705158,404.35444429407227,False,False,True,False,False,-0.03377821716902594,0.03377821716902594,138.37593287119972,True,False,False,-0.051097336232869765,0.051097336232869765,42.19675022999155,True,False,False,0.016477179103046254,0.0,96.17918264120817
g567_gate3b_development_00350,f7869c4b1c8bc54ea5dd06daf2f682f447451b63aebd1050b4723a64703f7f05,DEVELOPMENT,random_32_32_20,random,random-32-32-20,normalized,192,True,canonical_public_benchmark_map,movingai_official_random,True,True,True,1.4116575592,273.6407555639744,0.0,273.6407555639744,False,False,True,True,1.42122040073,360.9631862491369,0.0,360.9631862491369,False,False,True,True,1.43328779599,386.0367042943835,15.325724667705158,401.3624289620887,False,False,True,False,False,-0.015322580642190541,0.015322580642190541,127.72167339811432,True,False,False,-0.008490868308533678,0.008490868308533678,40.399242712951775,True,False,False,-0.006774193548341378,0.006774193548341378,87.32243068516254
g567_gate3b_development_00351,f0883736ca4c7ef7a410a9b6636505e763d8123d6addacb38edf94b7f89088cd,DEVELOPMENT,random_32_32_20,random,random-32-32-20,normalized,192,True,canonical_public_benchmark_map,movingai_official_random,True,True,True,1.40606475148,282.45226107537746,0.0,282.45226107537746,False,False,True,True,1.41427268582,364.08065538853407,0.0,364.08065538853407,False,False,True,True,1.44026447788,403.7352791056037,15.325724667705158,419.06100377330887,False,False,True,False,False,-0.024323009565528162,0.024323009565528162,136.6087426979314,True,False,False,-0.018378204090768943,0.018378204090768943,54.9803483847748,True,False,False,-0.005837522298571655,0.005837522298571655,81.6283943131566
g567_gate3b_development_00352,00420af43996bd588a4aff111bfe20670618c94736b3fb5a09e4596d8bd06fc5,DEVELOPMENT,random_32_32_20,random,random-32-32-20,normalized,192,True,canonical_public_benchmark_map,movingai_official_random,True,True,True,1.36864126844,277.1327290683985,0.0,277.1327290683985,False,False,True,True,1.33935256551,367.95877758413553,0.0,367.95877758413553,False,False,True,True,1.38251486457,400.5628973245621,15.325724667705158,415.88862199226725,False,False,True,False,False,-0.010136765893237611,0.010136765893237611,138.75589292386877,True,False,False,-0.03222624137324487,0.03222624137324487,47.929844408131714,True,False,False,0.02139983909982761,0.0,90.82604851573706
g567_gate3b_development_00353,1630d8f259b77435d58d59be5754e8370234f2b865dd7bc7e1f67b2a54231b6f,DEVELOPMENT,random_32_32_20,random,random-32-32-20,normalized,192,True,canonical_public_benchmark_map,movingai_official_random,True,True,True,1.40961669313,305.85952941328287,0.0,305.85952941328287,False,False,True,True,1.41687457473,370.97701523453,0.0,370.97701523453,False,False,True,True,1.41664776593,399.45093262940645,15.325724667705158,414.7766572971116,False,False,True,False,False,-0.004987932417562259,0.004987932417562259,108.91712788382875,True,False,False,0.0001600768367539824,0.0,43.799642062581654,True,False,False,-0.005148833463290018,0.005148833463290018,65.1174858212471
g567_gate3b_development_00354,6b77d560cc986e4b492182af1dfecacae5a4579728ba8b20a154492c24dc18fa,DEVELOPMENT,random_32_32_20,random,random-32-32-20,normalized,256,True,canonical_public_benchmark_map,movingai_official_random,True,True,True,1.59774049983,383.98444931954145,0.0,383.98444931954145,False,False,True,True,1.53611776789,494.7896273806691,0.0,494.7896273806691,False,False,True,True,1.65439917836,498.28935880213976,15.325724667705158,513.6150834698449,False,False,True,False,False,-0.03546175272894976,0.03546175272894976,129.63063415030342,True,False,False,-0.07700022286212505,0.07700022286212505,18.82545608917576,True,False,False,0.03856867366543984,0.0,110.80517806112766
g567_gate3b_development_00355,22b071bc83c614efefcfc583d2ddef8fa8795d730132b3f2622b7b3fbb2538ae,DEVELOPMENT,random_32_32_20,random,random-32-32-20,normalized,256,True,canonical_public_benchmark_map,movingai_official_random,True,True,True,1.63394718555,397.93986547738314,0.0,397.93986547738314,False,False,True,True,1.62473940236,483.1320345401764,0.0,483.1320345401764,False,False,True,True,1.72063933287,538.2380457594991,15.325724667705158,553.5637704272042,False,False,True,False,False,-0.05305688463291344,0.05305688463291344,155.62390494982105,True,False,False,-0.059024807529565404,0.059024807529565404,70.4317358870278,True,False,False,0.005635300376554543,0.0,85.19216906279325
g567_gate3b_development_00356,94b1a4ac354b8bad50d3722cbb1415b47256fbfecb0984f8f533e553dee5e495,DEVELOPMENT,random_32_32_20,random,random-32-32-20,normalized,256,True,canonical_public_benchmark_map,movingai_official_random,True,True,True,1.55238420783,382.756682112813,0.0,382.756682112813,False,False,True,True,1.57118441292,483.44352934509516,0.0,483.44352934509516,False,False,True,True,1.63390873355,482.021058909595,15.325724667705158,497.3467835773002,False,False,True,False,False,-0.05251568864769563,0.05251568864769563,114.59010146448719,True,False,False,-0.039921679539468305,0.039921679539468305,13.903254232205029,True,False,False,-0.012110536164420201,0.012110536164420201,100.68684723228216
g567_gate3b_development_00357,7bbd0a0d3007255fd1dd85d59bcc6617781a822ff3b1bc6d95d80f634cfbb66f,DEVELOPMENT,random_32_32_20,random,random-32-32-20,normalized,256,True,canonical_public_benchmark_map,movingai_official_random,True,True,True,1.59621557696,376.9172225147486,0.0,376.9172225147486,False,False,True,True,1.59097820578,493.0334407836199,0.0,493.0334407836199,False,False,True,True,1.62071295827,608.5040513426065,15.325724667705158,623.8297760103117,False,False,True,False,False,-0.01534716341802364,0.01534716341802364,246.9125534955631,True,False,False,-0.018689603906561453,0.018689603906561453,130.79633522669178,True,False,False,0.0032811176983842017,0.0,116.11621826887131
g567_gate3b_development_00358,8420b707999c97d55bde1ce2457df58e1144e6908eb8cabc0b7f9be9217d13a3,DEVELOPMENT,random_32_32_20,random,random-32-32-20,normalized,256,True,canonical_public_benchmark_map,movingai_official_random,True,True,True,1.61209593326,357.5035650283098,0.0,357.5035650283098,False,False,True,True,1.62234966979,491.97122640907764,0.0,491.97122640907764,False,False,True,True,1.66284323949,483.07258170098066,15.325724667705158,498.39830636868584,False,False,True,False,False,-0.03147908581803695,0.03147908581803695,140.89474134037602,True,False,False,-0.024959828607874355,0.024959828607874355,6.427079959608193,True,False,False,-0.0063605002149374045,0.0063605002149374045,134.46766138076782
g567_gate3b_development_00359,64446eaab391aa462263c003ede250e0857bee04161c9dbde5491dfdc50d1ac2,DEVELOPMENT,random_32_32_20,random,random-32-32-20,normalized,256,True,canonical_public_benchmark_map,movingai_official_random,True,True,True,1.64772117962,447.45597150176764,0.0,447.45597150176764,False,False,True,True,1.66237712243,543.7153158709407,0.0,543.7153158709407,False,False,True,True,1.72529043789,502.7487426996231,15.325724667705158,518.0744673673282,False,False,True,False,False,-0.0470766894480832,0.0470766894480832,70.61849586556059,True,False,False,-0.0378453929683752,0.0378453929683752,-25.64084850361246,True,False,False,-0.008894674045143918,0.008894674045143918,96.25934436917305
g567_gate3b_development_00360,244a320cae584a82d51e677df3aab443c1756d5722dde16c1cfbcfc09141e256,DEVELOPMENT,random_32_32_20,random,random-32-32-20,normalized,256,True,canonical_public_benchmark_map,movingai_official_random,True,True,True,1.63571555872,379.74430806934834,0.0,379.74430806934834,False,False,True,True,1.63821065764,476.62973683327436,0.0,476.62973683327436,False,False,True,True,1.71056852611,481.53058253228664,15.325724667705158,496.8563071999918,False,False,True,False,False,-0.04576160383812383,0.04576160383812383,117.11199913064348,True,False,False,-0.044168842470014576,0.044168842470014576,20.226570366717453,True,False,False,-0.0015253867988835284,0.0015253867988835284,96.88542876392603
g567_gate3b_development_00361,afdb4e783aefaf0db2a067d904608478f246ec38259eefd985dc957ba9272bb0,DEVELOPMENT,random_32_32_20,random,random-32-32-20,normalized,256,True,canonical_public_benchmark_map,movingai_official_random,True,True,True,1.5787753698,365.51015451550484,0.0,365.51015451550484,False,False,True,True,1.62641898865,484.599974937737,0.0,484.599974937737,False,False,True,True,1.62332301342,543.6705593019724,15.325724667705158,558.9962839696775,False,False,True,False,False,-0.028216581327616855,0.028216581327616855,193.48612945417267,True,False,False,0.0019035532981385894,0.0,74.39630903194052,True,False,False,-0.030177579256278574,0.030177579256278574,119.08982042223215
g567_gate3b_development_00362,d30b40062d0e43915af8b5e57e316c63858fb695f186dde6dfe64ed2214dea5f,DEVELOPMENT,random_32_32_20,random,random-32-32-20,normalized,256,True,canonical_public_benchmark_map,movingai_official_random,True,True,True,1.61271186441,414.6340638399124,0.0,414.6340638399124,False,False,True,True,1.63271186441,554.6277491375804,0.0,554.6277491375804,False,False,True,True,1.69152542373,500.54557621479034,15.325724667705158,515.8713008824955,False,False,True,False,False,-0.04887020493821028,0.04887020493821028,101.23723704258305,True,False,False,-0.03602200768060987,0.03602200768060987,-38.75644825508493,True,False,False,-0.01240147136098418,0.01240147136098418,139.99368529766798
g567_gate3b_development_00363,7311748e1a40071c1e2db706b100bb7a19495a38ea7d178baec1d1448d41c358,DEVELOPMENT,random_32_32_20,random,random-32-32-20,normalized,384,True,canonical_public_benchmark_map,movingai_official_random,True,True,True,2.06961651917,638.3242011070251,0.0,638.3242011070251,False,False,True,True,2.18973451327,844.8310922831297,0.0,844.8310922831297,False,False,True,True,2.25380530973,784.4633786007762,15.325724667705158,799.7891032684813,False,False,True,False,False,-0.08899657924738036,0.08899657924738036,161.46490216145617,True,False,False,-0.02925961849334936,0.02925961849334936,-45.04198901464838,True,False,False,-0.05803876852904726,0.05803876852904726,206.50689117610455
g567_gate3b_development_00364,4adde4d3e95f9927c65da69dc1bcaf7a26425896c7870e3906c83e5c047e30cf,DEVELOPMENT,random_32_32_20,random,random-32-32-20,normalized,384,True,canonical_public_benchmark_map,movingai_official_random,True,True,True,2.09808946878,652.7525475248694,0.0,652.7525475248694,False,False,True,True,2.18476234856,767.3019440844655,0.0,767.3019440844655,False,False,True,True,2.26339701771,782.0606362074614,15.325724667705158,797.3863608751665,False,False,True,False,False,-0.07878956135560952,0.07878956135560952,144.63381335029703,True,False,False,-0.035992321637101116,0.035992321637101116,30.08441679070097,True,False,False,-0.04131038312222153,0.04131038312222153,114.54939655959606
g567_gate3b_development_00365,52e53a80daaffed5f2039ee6b6b0ac62c4585572cc5ff408db050080d1a92425,DEVELOPMENT,random_32_32_20,random,random-32-32-20,normalized,384,True,canonical_public_benchmark_map,movingai_official_random,True,True,True,2.13265422914,756.9090146571398,0.0,756.9090146571398,False,False,True,True,2.27354927321,802.8807872906327,0.0,802.8807872906327,False,False,True,True,2.3367288543,813.6867936700583,15.325724667705158,829.0125183377634,False,False,True,False,False,-0.0956904416907254,0.0956904416907254,72.10350368062359,True,False,False,-0.02778896496085058,0.02778896496085058,26.131731047130643,True,False,False,-0.06606558257069947,0.06606558257069947,45.97177263349295
g567_gate3b_development_00366,def71c78155f6dee4c5b289fd9cdc326014ead939b8c67cd7b9fced67bf81429,DEVELOPMENT,random_32_32_20,random,random-32-32-20,normalized,384,True,canonical_public_benchmark_map,movingai_official_random,True,True,True,2.11391375102,803.7628699094057,0.0,803.7628699094057,False,False,True,True,2.1799372312,837.942742742598,0.0,837.942742742598,False,False,True,True,2.27269557131,807.7042801305652,15.325724667705158,823.0300047982703,False,False,True,False,False,-0.0751127240708779,0.0751127240708779,19.267134888864575,True,False,False,-0.04255092246804692,0.04255092246804692,-14.912737944327773,True,False,False,-0.031232816451542654,0.031232816451542654,34.17987283319235
g567_gate3b_development_00367,0c816f1801ac7420678408aebb4a47f2e8700a6cde8d3c4ac8cef6f5d15080a7,DEVELOPMENT,random_32_32_20,random,random-32-32-20,normalized,384,True,canonical_public_benchmark_map,movingai_official_random,True,True,True,2.13756436087,710.1753978058696,0.0,710.1753978058696,False,False,True,True,2.1901723752,788.7343866750598,0.0,788.7343866750598,False,False,True,True,2.3717259906,801.4114638790488,15.325724667705158,816.7371885467539,False,False,True,False,False,-0.10954600199017867,0.10954600199017867,106.56179074088436,True,False,False,-0.08289466959577599,0.08289466959577599,28.002801871694146,True,False,False,-0.024611195476981252,0.024611195476981252,78.55898886919022
g567_gate3b_development_00368,0a6df041afee47b63e13237c0fa0c961d2fddceff6e795ae35abdfa11fe2e0d3,DEVELOPMENT,empty_48_48,empty,empty-48-48,normalized,16,False,canonical_public_benchmark_map,czr004_derived_on_public_parent_map,True,True,True,1.01033057851,90.94853047281504,0.0,90.94853047281504,False,False,True,True,1.01033057851,112.53441125154495,0.0,112.53441125154495,False,False,True,True,1.01033057851,122.31037952005863,15.325724667705158,137.63610418776378,False,False,True,False,False,0.0,0.0,46.68757371494874,True,False,False,0.0,0.0,25.101692936218825,True,False,False,0.0,0.0,21.585880778729916
g567_gate3b_development_00369,c424d7bfb5b86058edc8f5ea1709acc3510dc3af8ee47fd5ec72ecf22c14a762,DEVELOPMENT,empty_48_48,empty,empty-48-48,normalized,16,False,canonical_public_benchmark_map,czr004_derived_on_public_parent_map,True,True,True,1.00843881857,92.33282878994942,0.0,92.33282878994942,False,False,True,True,1.00632911392,111.49586271494627,0.0,111.49586271494627,False,False,True,True,1.00843881857,129.67531196773052,15.325724667705158,145.00103663543567,False,False,True,False,False,0.0,0.0,52.66820784548625,True,False,False,-0.0020964360673040795,0.0020964360673040795,33.5051739204894,True,False,False,0.0020920502177729293,0.0,19.163033924996853
g567_gate3b_development_00370,15dfc875024acf6cd4b58f16e3f49ecdee8b54dfe61a94bbea7363a6ec9c4d32,DEVELOPMENT,empty_48_48,empty,empty-48-48,normalized,16,False,canonical_public_benchmark_map,czr004_derived_on_public_parent_map,True,True,True,1.00757575758,106.50188941508532,0.0,106.50188941508532,False,False,True,True,1.00757575758,118.92985366284847,0.0,118.92985366284847,False,False,True,True,1.0,231.54892772436142,15.325724667705158,246.87465239206657,False,False,True,False,False,0.007518796996660025,0.0,140.37276297698125,True,False,False,0.007518796996660025,0.0,127.94479872921809,True,False,False,0.0,0.0,12.427964247763157
g567_gate3b_development_00371,59c5811a5f3fa2f26ab6d06bdf0efd6a557de74e81ca4bb42441fc2a50b2c778,DEVELOPMENT,empty_48_48,empty,empty-48-48,normalized,16,False,canonical_public_benchmark_map,czr004_derived_on_public_parent_map,True,True,True,1.00919117647,92.23681595176458,0.0,92.23681595176458,False,False,True,True,1.00919117647,118.82269941270351,0.0,118.82269941270351,False,False,True,True,1.00735294118,230.04994727671146,15.325724667705158,245.3756719444166,False,False,True,False,False,0.0018214936206931644,0.0,153.13885599265203,True,False,False,0.0018214936206931644,0.0,126.5529725317131,True,False,False,0.0,0.0,26.58588346093893
g567_gate3b_development_00389,f3d37473ad22fe2871b9aad148fe0c51b852d8a3f8045365ac872f4f35a1afef,DEVELOPMENT,empty_48_48,empty,empty-48-48,normalized,80,True,canonical_public_benchmark_map,movingai_official_even,True,True,True,1.03237129485,350.38575157523155,0.0,350.38575157523155,False,False,True,True,1.02886115445,438.6084256693721,0.0,438.6084256693721,False,False,True,True,1.01755070203,500.26588048785925,15.325724667705158,515.5916051555644,False,False,True,False,False,0.014355874571418797,0.0,165.2058535803328,True,False,False,0.01099317665078539,0.0,76.98317948619228,True,False,False,0.003400075551800367,0.0,88.22267409414053
g567_gate3b_development_00390,8596643d1a1ce8468f51e30ea6e86072afdda4601eea75b12485532ff57747d1,DEVELOPMENT,empty_48_48,empty,empty-48-48,normalized,80,True,canonical_public_benchmark_map,movingai_official_even,True,True,True,1.03965449548,402.3483693599701,0.0,402.3483693599701,False,False,True,True,1.02041617589,511.85574010014534,0.0,511.85574010014534,False,False,True,True,1.0227718885,638.3527116850019,15.325724667705158,653.678436352707,False,False,True,False,False,0.016238670686654938,0.0,251.33006699273687,True,False,False,-0.0023085802299685674,0.0023085802299685674,141.82269625256163,True,False,False,0.018504531720528666,0.0,109.50737074017525
g567_gate3b_development_00391,c60aeb90ce692f7b1ed56e0ef7b5b62986ffb98935fe398d553c74ab814e431a,DEVELOPMENT,empty_48_48,empty,empty-48-48,normalized,80,True,canonical_public_benchmark_map,movingai_official_even,True,True,True,1.04076539101,363.85500617325306,0.0,363.85500617325306,False,False,True,True,1.03577371048,465.93333780765533,0.0,465.93333780765533,False,False,True,True,1.01955074875,634.1150235384703,15.325724667705158,649.4407482061754,False,False,True,False,False,0.020383693042879344,0.0,285.5857420329223,True,False,False,0.01566265060201419,0.0,183.50741039852005,True,False,False,0.004796163067217265,0.0,102.07833163440228
g567_gate3b_development_00392,5ff3fb87a909a2a985f005e33a697bffd1b3bb04f8370c1f95ce55dd01fb31af,DEVELOPMENT,empty_48_48,empty,empty-48-48,normalized,80,True,canonical_public_benchmark_map,movingai_official_even,True,True,True,1.04915390814,363.8629103079438,0.0,363.8629103079438,False,False,True,True,1.02900886382,495.1611291617155,0.0,495.1611291617155,False,False,True,True,1.02135374698,631.1177853494883,15.325724667705158,646.4435100171934,False,False,True,False,False,0.026497695852161263,0.0,282.58059970924955,True,False,False,0.007439310883661097,0.0,151.28238085547787,True,False,False,0.01920122887948297,0.0,131.2982188537717
g567_gate3b_development_00393,4ccad9b41634d7d4509f772b5a3b03e897fdaa7207a12f61f8ee2983b69bffef,DEVELOPMENT,empty_48_48,empty,empty-48-48,normalized,80,True,canonical_public_benchmark_map,movingai_official_even,True,True,True,1.05472636816,356.4036786556244,0.0,356.4036786556244,False,False,True,True,1.02487562189,445.4681286588311,0.0,445.4681286588311,False,False,True,True,1.02066590126,477.04510670155287,15.325724667705158,492.37083136925804,False,False,True,False,False,0.03229317852308902,0.0,135.96715271363365,True,False,False,0.004107542944808043,0.0,46.90270271042692,True,False,False,0.028301886793705214,0.0,89.06445000320673
g567_gate3b_development_00394,6f44db0662660ce3feb494cba581962071a6951f2c3c174cc4b91401fe839cd9,DEVELOPMENT,empty_48_48,empty,empty-48-48,normalized,80,True,canonical_public_benchmark_map,movingai_official_random,True,True,True,1.04771532552,350.6881510838866,0.0,350.6881510838866,False,False,True,True,1.02911443591,445.21219562739134,0.0,445.21219562739134,False,False,True,True,1.02587949858,506.42438884824514,15.325724667705158,521.7501135159503,False,False,True,False,False,0.02084137399551979,0.0,171.06196243206364,True,False,False,0.003143418474291938,0.0,76.53791788855892,True,False,False,0.01775376302791801,0.0,94.52404454350471
g567_gate3b_development_00395,ea0b0239c9373fade9464452a3b6fd65e2e813232acb34c2d643a3e6ac900e97,DEVELOPMENT,empty_48_48,empty,empty-48-48,normalized,80,True,canonical_public_benchmark_map,movingai_official_random,True,True,True,1.04462934947,355.10535538196564,0.0,355.10535538196564,False,False,True,True,1.02836611195,457.5095809996128,0.0,457.5095809996128,False,False,True,True,1.02534039334,489.2753642052412,15.325724667705158,504.6010888729464,False,False,True,False,False,0.018464880524165266,0.0,149.49573349098074,True,False,False,0.0029422581849401883,0.0,47.09150787333357,True,False,False,0.01556842867592347,0.0,102.40422561764717
g567_gate3b_development_00396,e0c5758d20c44d2b28062941d694f2310263a113de9a33c75b3eaa2d2b114153,DEVELOPMENT,empty_48_48,empty,empty-48-48,normalized,80,True,canonical_public_benchmark_map,movingai_official_random,True,True,True,1.02896341463,341.93489979952574,0.0,341.93489979952574,False,False,True,True,1.0224847561,451.3151375576854,0.0,451.3151375576854,False,False,True,True,1.01791158537,493.84824093431234,15.325724667705158,509.1739656020175,False,False,True,False,False,0.010740740732724689,0.0,167.23906580249178,True,False,False,0.004472605290902345,0.0,57.85882804433214,True,False,False,0.006296296289921736,0.0,109.38023775815964
g567_gate3b_development_00397,3a93945cd76d275e32b6ece9aaa34b65018bcc24e3a1d57d5c4cd4da38b7955e,DEVELOPMENT,empty_48_48,empty,empty-48-48,normalized,80,True,canonical_public_benchmark_map,movingai_official_random,True,True,True,1.04427083333,379.2371768504381,0.0,379.2371768504381,False,False,True,True,1.01748511905,493.7954917550087,0.0,493.7954917550087,False,False,True,True,1.02046130952,641.448806039989,15.325724667705158,656.7745307076941,False,False,True,False,False,0.022800142501419422,0.0,277.537353857256,True,False,False,-0.002925045697748047,0.002925045697748047,162.9790389526854,True,False,False,0.02565016030811168,0.0,114.55831490457058
g567_gate3b_development_00398,c220a2b9292b44b905c3ae9a2d5320caf473703792c2d00862e6d2c9a8dcadb6,DEVELOPMENT,empty_48_48,empty,empty-48-48,normalized,80,True,canonical_public_benchmark_map,movingai_official_even,True,True,True,1.0369793694,353.588106110692,0.0,353.588106110692,False,False,True,True,1.02257687816,446.75940833985806,0.0,446.75940833985806,False,False,True,True,1.01790579992,518.7769187614322,15.325724667705158,534.1026434291373,False,False,True,False,False,0.01839339339126484,0.0,180.51453731844526,True,False,False,0.004567948229383916,0.0,87.34323508927923,True,False,False,0.013888888887281693,0.0,93.17130222916603
g567_gate3b_development_00399,12b5286b6854a3b84a8fa3cb5979109e1499873565d5aef4c5c01c7fd2739c5c,DEVELOPMENT,empty_48_48,empty,empty-48-48,normalized,80,True,canonical_public_benchmark_map,movingai_official_random,True,True,True,1.03802710843,357.85196069628,0.0,357.85196069628,False,False,True,True,1.02371987952,447.80257157981396,0.0,447.80257157981396,False,False,True,True,1.02296686747,491.96163285523653,15.325724667705158,507.2873575229417,False,False,True,False,False,0.014508523754045488,0.0,149.4353968266617,True,False,False,0.0007355645475527558,0.0,59.48478594312775,True,False,False,0.013783097564416577,0.0,89.95061088353395
g567_gate3b_development_00400,7713ff4c27a4eaf923018770ee72332f5e229cbcc12ee9895fc051b051804864,DEVELOPMENT,empty_48_48,empty,empty-48-48,normalized,80,True,canonical_public_benchmark_map,movingai_official_even,True,True,True,1.04724409449,361.21834348887205,0.0,361.21834348887205,False,False,True,True,1.03562054743,470.72660736739635,0.0,470.72660736739635,False,False,True,True,1.02699662542,664.0557758510113,15.325724667705158,679.3815005187164,False,False,True,False,False,0.019334049412673405,0.0,318.16315702984434,True,False,False,0.008327299058908314,0.0,208.65489315132004,True,False,False,0.011099176515920777,0.0,109.5082638785243
g567_gate3b_development_00410,80bd7b50a5c208e5a0717f454f7c6546fc97100660c090e34feffeb8077aac14,DEVELOPMENT,empty_48_48,empty,empty-48-48,normalized,256,False,canonical_public_benchmark_map,czr004_derived_on_public_parent_map,True,True,True,1.0941482123,1167.1832548454404,0.0,1167.1832548454404,False,False,True,True,1.08697265867,1396.7763213440776,0.0,1396.7763213440776,False,False,True,True,1.09291104788,1746.2459737434983,15.325724667705158,1761.5716984112034,False,False,True,False,False,0.0011307100867069544,0.0,594.388443565763,True,False,False,-0.0054632369661129394,0.0054632369661129394,364.79537706712586,True,False,False,0.006558118497416658,0.0,229.5930664986372
g567_gate3b_development_00411,c9ef3693f9649cd8041d4608e5358a8269319539b12e0e5b2049c5ac48906335,DEVELOPMENT,empty_48_48,empty,empty-48-48,normalized,256,False,canonical_public_benchmark_map,czr004_derived_on_public_parent_map,True,True,True,1.10010624484,1366.5791880339384,0.0,1366.5791880339384,False,False,True,True,1.09054420966,1695.4663721844554,0.0,1695.4663721844554,False,False,True,True,1.09314130563,1414.3293583765626,15.325724667705158,1429.6550830442677,False,False,True,False,False,0.00633115141620996,0.0,63.075895010329305,True,False,False,-0.0023814678460487232,0.0023814678460487232,-265.8112891401877,True,False,False,0.008691919734889607,0.0,328.887184150517
g567_gate3b_development_00412,de22a8ac2b0ea3cbccb7af4abba351935dd7bd618379811a7ca4c64dc14e98e3,DEVELOPMENT,empty_48_48,empty,empty-48-48,normalized,256,False,canonical_public_benchmark_map,czr004_derived_on_public_parent_map,True,True,True,1.11488993322,1209.396711550653,0.0,1209.396711550653,False,False,True,True,1.0973287163,1287.3150138184428,0.0,1287.3150138184428,False,False,True,True,1.09411328222,1392.5156453624368,15.325724667705158,1407.841370030142,False,False,True,False,False,0.018635607319543536,0.0,198.4446584794889,True,False,False,0.0029302377967852828,0.0,120.52635621169907,True,False,False,0.0157515252373658,0.0,77.91830226778984
g567_gate3b_development_00413,ad5e20ab5eb0aa538bd216810d8f71b876d0d5af4e389e6681a7c89da21d50db,DEVELOPMENT,empty_48_48,empty,empty-48-48,normalized,256,False,canonical_public_benchmark_map,czr004_derived_on_public_parent_map,True,True,True,1.10062578223,1050.5652911961079,0.0,1050.5652911961079,False,False,True,True,1.08923654568,1591.5059708058834,0.0,1591.5059708058834,False,False,True,True,1.09274092616,1396.1221016943455,15.325724667705158,1411.4478263620506,False,False,True,False,False,0.007163975437704481,0.0,360.8825351659427,True,False,False,-0.003217281401270257,0.003217281401270257,-180.05814444383282,True,False,False,0.010347964525166915,0.0,540.9406796097755
g567_gate3b_development_00414,b210cf1f1104d993048652ac28c8b4f45bd7294e9c7f9de036a146cf1cee8a97,DEVELOPMENT,empty_48_48,empty,empty-48-48,normalized,256,False,canonical_public_benchmark_map,czr004_derived_on_public_parent_map,True,True,True,1.09973372065,1122.2761664539576,0.0,1122.2761664539576,False,False,True,True,1.08399903171,1476.2345673516393,0.0,1476.2345673516393,False,False,True,True,1.08581457274,1631.1933705583215,15.325724667705158,1646.5190952260266,False,False,True,False,False,0.012656834694286813,0.0,524.242928772069,True,False,False,-0.0016748548447834243,0.0016748548447834243,170.28452787438732,True,False,False,0.014307726174568925,0.0,353.9584008976817
g567_gate3b_development_00415,9046744c4ca148081f4780f71ce39930e4f64732a2c278f9b205cdedbd3e0e95,DEVELOPMENT,empty_48_48,empty,empty-48-48,normalized,256,False,canonical_public_benchmark_map,czr004_derived_on_public_parent_map,True,True,True,1.10653445207,1281.307221390307,0.0,1281.307221390307,False,False,True,True,1.08860920417,1614.043883047998,0.0,1614.043883047998,False,False,True,True,1.09661835749,1515.4134603217244,15.325724667705158,1530.7391849894295,False,False,True,False,False,0.008961397054967424,0.0,249.43196359912258,True,False,False,-0.0073572346158017905,0.0073572346158017905,-83.30469805856842,True,False,False,0.01619944852730721,0.0,332.736661657691
g567_gate3b_development_00416,20985625e573464a5566ddcef5aa6b590acf085d67ebf6ef441e5dfc8f38caa0,DEVELOPMENT,empty_48_48,empty,empty-48-48,normalized,256,False,canonical_public_benchmark_map,czr004_derived_on_public_parent_map,True,True,True,1.10297453995,988.5215554386377,0.0,988.5215554386377,False,False,True,True,1.07852281321,1298.5642915591598,0.0,1298.5642915591598,False,False,True,True,1.08621124275,1323.826089501381,15.325724667705158,1339.151814169086,False,False,True,False,False,0.015198263053977602,0.0,350.6302587304483,True,False,False,-0.007128666585287066,0.007128666585287066,40.58752260992628,True,False,False,0.022168894978399415,0.0,310.042736120522
g567_gate3b_development_00417,5d62605b2a8746b204f20aeadb2d35ffc511df91c8e73794283b0f52cb0dca34,DEVELOPMENT,empty_48_48,empty,empty-48-48,normalized,256,False,canonical_public_benchmark_map,czr004_derived_on_public_parent_map,True,True,True,1.10161476355,1043.5182051733136,0.0,1043.5182051733136,False,False,True,True,1.08904267589,1749.671321362257,0.0,1749.671321362257,False,False,True,True,1.08696655133,1728.3487422391772,15.325724667705158,1743.6744669068823,False,False,True,False,False,0.01329703695400335,0.0,700.1562617335687,True,False,False,0.0019063757609897008,0.0,-5.99685445537466,True,False,False,0.011412417549203744,0.0,706.1531161889434
g567_gate3b_development_00421,6ee96ebced071681d8e7849d9a7232b95e1cbe461a3568ddeffd44f675e4b539,DEVELOPMENT,empty_48_48,empty,empty-48-48,normalized,768,False,canonical_public_benchmark_map,czr004_derived_on_public_parent_map,True,True,True,1.36188790086,2766.795584000647,0.0,2766.795584000647,False,False,True,True,1.34603468394,4162.063849158585,0.0,4162.063849158585,False,False,True,True,1.37979318392,3843.145082704723,15.325724667705158,3858.470807372428,False,False,True,False,False,-0.013147398584489356,0.013147398584489356,1091.6752233717812,True,False,False,-0.025079962933187556,0.025079962933187556,-303.59304178615685,True,False,False,0.01164061807876342,0.0,1395.268265157938
g567_gate3b_development_00422,a2d79fa11f0ce75c7be08960090a0e53a1aaac147354cef3b9e0e4b3b357d6cb,DEVELOPMENT,empty_48_48,empty,empty-48-48,normalized,768,False,canonical_public_benchmark_map,czr004_derived_on_public_parent_map,True,True,True,1.33559335796,2774.709432385862,0.0,2774.709432385862,False,False,True,True,1.33323860176,3799.038676545024,0.0,3799.038676545024,False,False,True,True,1.36340384069,3865.483599714935,15.325724667705158,3880.80932438264,False,False,True,False,False,-0.020822567411145354,0.020822567411145354,1106.0998919967783,True,False,False,-0.022625536712017683,0.022625536712017683,81.77064783761625,True,False,False,0.0017630786990410013,0.0,1024.329244159162
g567_gate3b_development_00423,699940d3babeeb764ac0ce2ffb2a637648be6b79d825e25fec17abc1f8c54b17,DEVELOPMENT,empty_48_48,empty,empty-48-48,normalized,768,False,canonical_public_benchmark_map,czr004_derived_on_public_parent_map,True,True,True,1.34410202768,2827.3168336600065,0.0,2827.3168336600065,False,False,True,True,1.33838912134,4149.603748694062,0.0,4149.603748694062,False,False,True,True,1.35576923077,3883.303332142532,15.325724667705158,3898.629056810237,False,False,True,False,False,-0.008680295728843077,0.008680295728843077,1071.3122231502307,True,False,False,-0.012985841824983508,0.012985841824983508,-250.97469188382502,True,False,False,0.004250351701247483,0.0,1322.2869150340557
g567_gate3b_development_00424,ca53ecd2b94fc14e594bef943e32ff2149e2ba847afc1a2732e1ecf701bee98e,DEVELOPMENT,empty_48_48,empty,empty-48-48,normalized,768,False,canonical_public_benchmark_map,czr004_derived_on_public_parent_map,True,True,True,1.34785914366,2821.1691239848733,0.0,2821.1691239848733,False,False,True,True,1.34229691877,3770.476384088397,0.0,3770.476384088397,False,False,True,True,1.36458583433,3783.6359897628427,15.325724667705158,3798.961714430548,False,False,True,False,False,-0.012409820973265746,0.012409820973265746,977.7925904456747,True,False,False,-0.016605056041121006,0.016605056041121006,28.485330342150974,True,False,False,0.0041267108036944136,0.0,949.3072601035237
g567_gate3b_development_00425,155ccea0ffcb1f84a5367c12dd5cd2586c218b71534cb7a779200b94c4a75b3e,DEVELOPMENT,empty_48_48,empty,empty-48-48,normalized,768,False,canonical_public_benchmark_map,czr004_derived_on_public_parent_map,True,True,True,1.34306932747,2803.5883521661162,0.0,2803.5883521661162,False,False,True,True,1.34547566693,3796.6195130720735,0.0,3796.6195130720735,False,False,True,True,1.37124009459,4025.3493189811707,15.325724667705158,4040.675043648876,False,False,True,False,False,-0.02097491659128761,0.02097491659128761,1237.0866914827598,True,False,False,-0.019148936166781233,0.019148936166781233,244.05553057680254,True,False,False,-0.0017916718152836885,0.0017916718152836885,993.0311609059572
g567_gate3b_development_00426,d9e715cdfb3e4e5643302645198a1d0af21e0a180e4fe8b4c75df96d12c0d9f5,DEVELOPMENT,empty_48_48,empty,empty-48-48,normalized,768,False,canonical_public_benchmark_map,czr004_derived_on_public_parent_map,True,True,True,1.32710650255,2793.744495138526,0.0,2793.744495138526,False,False,True,True,1.32109075078,3767.1202067285776,0.0,3767.1202067285776,False,False,True,True,1.35168401472,3853.6674845963717,15.325724667705158,3868.993209264077,False,False,True,False,False,-0.01851962304666204,0.01851962304666204,1075.248714125551,True,False,False,-0.023157579388045094,0.023157579388045094,101.87300253549938,True,False,False,0.004532983418015663,0.0,973.3757115900517
g567_gate3b_development_00427,a1ad57cf4bddea88611d8e4291b2322c51576595bb06a338827a1f46d0af50ce,DEVELOPMENT,empty_48_48,empty,empty-48-48,normalized,768,False,canonical_public_benchmark_map,czr004_derived_on_public_parent_map,True,True,True,1.33506303969,2948.7615013495088,0.0,2948.7615013495088,False,False,True,True,1.33360359995,3951.365692541003,0.0,3951.365692541003,False,False,True,True,1.36749503385,3963.9766374602914,15.325724667705158,3979.3023621279967,False,False,True,False,False,-0.024292481475279733,0.024292481475279733,1030.540860778488,True,False,False,-0.025413424124882924,0.025413424124882924,27.936669586993503,True,False,False,0.001093161668484919,0.0,1002.6041911914945
g567_gate3b_development_00428,a291909f6adbad5dc3566309d57dab81a99f30a3e22a288fff9c16d491c42aa1,DEVELOPMENT,empty_48_48,empty,empty-48-48,normalized,768,True,canonical_public_benchmark_map,movingai_official_even,True,True,True,1.34540955008,2815.506740473211,0.0,2815.506740473211,False,False,True,True,1.34597752444,3898.0828281491995,0.0,3898.0828281491995,False,False,True,True,1.37165807944,3787.9505828022957,15.325724667705158,3803.276307470001,False,False,True,False,False,-0.019509694545009813,0.019509694545009813,987.7695669967902,True,False,False,-0.019079482780133637,0.019079482780133637,-94.80652067919846,True,False,False,-0.00042215722340177255,0.00042215722340177255,1082.5760876759887
g567_gate3b_development_00429,d753a8f22f1da3c01df70d815ba053580b43a8d6e62c07db74c5279899d7c786,DEVELOPMENT,empty_48_48,empty,empty-48-48,normalized,768,True,canonical_public_benchmark_map,movingai_official_random,True,True,True,1.35664220335,2798.254169523716,0.0,2798.254169523716,False,False,True,True,1.35223055991,3856.5918328240514,0.0,3856.5918328240514,False,False,True,True,1.38039086336,3978.6969665437937,15.325724667705158,3994.022691211499,False,False,True,False,False,-0.017505470455921643,0.017505470455921643,1195.768521687783,True,False,False,-0.020825075460411305,0.020825075460411305,137.43085838744764,True,False,False,0.0032518842691951497,0.0,1058.3376633003354
g567_gate3b_development_00430,059fa0c3fc4647006d9098e6539ec1d360a577daa2c29158c5e462fd6bafd51c,DEVELOPMENT,empty_48_48,empty,empty-48-48,normalized,768,True,canonical_public_benchmark_map,movingai_official_random,True,True,True,1.35916313119,2809.184869751334,0.0,2809.184869751334,False,False,True,True,1.35467099243,3867.2424694523215,0.0,3867.2424694523215,False,False,True,True,1.38549205557,3777.05233450979,15.325724667705158,3792.3780591774953,False,False,True,False,False,-0.019371423323518207,0.019371423323518207,983.1931894261611,True,False,False,-0.022751696398779074,0.022751696398779074,-74.86441027482624,True,False,False,0.0033050769675212243,0.0,1058.0575997009873
g567_gate3b_development_00431,5b21b56375b1c30434da60ce9acce578cf0f91cc8959bf3c576464203cf23051,DEVELOPMENT,empty_48_48,empty,empty-48-48,normalized,768,True,canonical_public_benchmark_map,movingai_official_random,True,True,True,1.34717878143,2812.684204429388,0.0,2812.684204429388,False,False,True,True,1.35885566537,3817.2042099758983,0.0,3817.2042099758983,False,False,True,True,1.38074982276,3816.9161221012473,15.325724667705158,3832.2418467689527,False,False,True,False,False,-0.024919514612874897,0.024919514612874897,1019.5576423395646,True,False,False,-0.016112202309609157,0.016112202309609157,15.03763679305439,True,False,False,-0.00866765725600661,0.00866765725600661,1004.5200055465102
g567_gate3b_development_00432,5a9469827061f89d9a0530086dad4cbd5fd01077fed8893737ad5d300220b515,DEVELOPMENT,empty_48_48,empty,empty-48-48,normalized,768,True,canonical_public_benchmark_map,movingai_official_random,True,True,True,1.34446806771,2798.987460322678,0.0,2798.987460322678,False,False,True,True,1.35043748467,3832.327112555504,0.0,3832.327112555504,False,False,True,True,1.3747649031,3896.161031909287,15.325724667705158,3911.4867565769923,False,False,True,False,False,-0.022534440287305457,0.022534440287305457,1112.4992962543142,True,False,False,-0.018014472129337215,0.018014472129337215,79.15964402148848,True,False,False,-0.0044399841865843176,0.0044399841865843176,1033.3396522328258
g567_gate3b_development_00433,573f8a936665b1dfbe770549d4040338672cdb20c34a55ba515546a10872763d,DEVELOPMENT,empty_48_48,empty,empty-48-48,normalized,768,True,canonical_public_benchmark_map,movingai_official_random,True,True,True,1.33382039333,2806.6510586068034,0.0,2806.6510586068034,False,False,True,True,1.33275412685,3872.671560384333,0.0,3872.671560384333,False,False,True,True,1.3553826712,4011.1258355900645,15.325724667705158,4026.45156025777,False,False,True,False,False,-0.016165803115491494,0.016165803115491494,1219.8005016509665,True,False,False,-0.01697878392879805,0.01697878392879805,153.77999987343674,True,False,False,0.0007994078403148624,0.0,1066.0205017775297
g567_gate3b_development_00434,b2e7406831cdf39d3ca18f78c89b62960c68ad5bf5ffe78d166c8cfb442450c0,DEVELOPMENT,empty_48_48,empty,empty-48-48,normalized,768,True,canonical_public_benchmark_map,movingai_official_random,True,True,True,1.33214790867,2832.3753839358687,0.0,2832.3753839358687,False,False,True,True,1.3477066074,3854.3793614953756,0.0,3854.3793614953756,False,False,True,True,1.35033340069,3873.7193951383233,15.325724667705158,3889.0451198060287,False,False,True,False,False,-0.013651255916586726,0.013651255916586726,1056.66973587016,True,False,False,-0.0019490839293781971,0.0019490839293781971,34.66575831065302,True,False,False,-0.011679407841080824,0.011679407841080824,1022.0039775595069
g567_gate3b_development_00435,88637818943812db8d1d18f19148feb1c61bbac315e8529ec9f31c7f85cce0aa,DEVELOPMENT,empty_48_48,empty,empty-48-48,normalized,768,True,canonical_public_benchmark_map,movingai_official_even,True,True,True,1.34818712489,2873.1405241414905,0.0,2873.1405241414905,False,False,True,True,1.34317191482,3873.6914368346334,0.0,3873.6914368346334,False,False,True,True,1.36985118803,3829.2505694553256,15.325724667705158,3844.576294123031,False,False,True,False,False,-0.01606903280712432,0.01606903280712432,971.4357699815405,True,False,False,-0.019862887926431348,0.019862887926431348,-29.115142711602402,True,False,False,0.003719965854449936,0.0,1000.5509126931429
g567_gate3b_development_00436,581ec7c25519b9261861a9f50ef4ca64ee2b2c737cc8e67d201a2f7fe64a4f00,DEVELOPMENT,empty_48_48,empty,empty-48-48,normalized,768,True,canonical_public_benchmark_map,movingai_official_even,True,True,True,1.34577529402,2837.8204302862287,0.0,2837.8204302862287,False,False,True,True,1.34677621153,3888.320387341082,0.0,3888.320387341082,False,False,True,True,1.38472766703,4185.119017958641,15.325724667705158,4200.444742626346,False,False,True,False,False,-0.028944187921331382,0.028944187921331382,1362.6243123401173,True,False,False,-0.02817948162069584,0.02817948162069584,312.12435528526385,True,False,False,-0.0007437478711694871,0.0007437478711694871,1050.4999570548534
g567_gate3b_development_00437,d4ceb85b96a60faaf20954dc2a7d5b4fda9ce826d5045280252c9df0bb169ab6,DEVELOPMENT,empty_48_48,empty,empty-48-48,normalized,1000,False,canonical_public_benchmark_map,czr004_derived_on_public_parent_map,True,True,True,1.48276300321,3853.148376569152,0.0,3853.148376569152,False,False,True,True,1.49442379182,4906.153478659689,0.0,4906.153478659689,False,False,True,True,1.5368411019,5019.254174083471,15.325724667705158,5034.579898751176,False,False,True,False,False,-0.0364711680645709,0.0364711680645709,1181.4315221820243,True,False,False,-0.028383722416745954,0.028383722416745954,128.42642009148676,True,False,False,-0.00786422953955271,0.00786422953955271,1053.0051020905375
g567_gate3b_development_00438,ccdbcc8d911a646d7e1be901afd60c614d9c8523fafa10f170465236eddf1ba8,DEVELOPMENT,empty_48_48,empty,empty-48-48,normalized,1000,False,canonical_public_benchmark_map,czr004_derived_on_public_parent_map,True,True,True,1.46902313625,3673.2083214446902,0.0,3673.2083214446902,False,False,True,True,1.47075835476,4909.2546766623855,0.0,4909.2546766623855,False,False,True,True,1.5146529563,4998.237845487893,15.325724667705158,5013.5635701555975,False,False,True,False,False,-0.03106133519889963,0.03106133519889963,1340.3552487109073,True,False,False,-0.029844876554967918,0.029844876554967918,104.30889349321205,True,False,False,-0.001181205705466054,0.001181205705466054,1236.0463552176952
g567_gate3b_development_00439,6e23877f9961736b602d9a94fbd12056790b6f59e0ce040aa5ddde47a95df686,DEVELOPMENT,empty_48_48,empty,empty-48-48,normalized,1000,False,canonical_public_benchmark_map,czr004_derived_on_public_parent_map,True,True,True,1.47880921895,3644.3977272138,0.0,3644.3977272138,False,False,True,True,1.48934058899,4894.734190776944,0.0,4894.734190776944,False,False,True,True,1.52170294494,4896.072609350085,15.325724667705158,4911.39833401779,False,False,True,False,False,-0.02900558465577854,0.02900558465577854,1267.0006068039902,True,False,False,-0.021729318457604473,0.021729318457604473,16.664143240845988,True,False,False,-0.007121520413213031,0.007121520413213031,1250.3364635631442
g567_gate3b_development_00440,aea1682e6d8bb4ecd072e21c9c93c23dcf11050f00210dc4b541fb053d6bc365,DEVELOPMENT,empty_48_48,empty,empty-48-48,normalized,1000,False,canonical_public_benchmark_map,czr004_derived_on_public_parent_map,True,True,True,1.47873060822,3651.00403316319,0.0,3651.00403316319,False,False,True,True,1.49015020931,4896.067256107926,0.0,4896.067256107926,False,False,True,True,1.51889928589,5024.678885936737,15.325724667705158,5040.004610604442,False,False,True,False,False,-0.02716429716589983,0.02716429716589983,1389.000577441252,True,False,False,-0.019292737336400332,0.019292737336400332,143.93735449651558,True,False,False,-0.007722570308966716,0.007722570308966716,1245.0632229447365
g567_gate3b_development_00449,31cb5ceeaeb4b9c2ffda83fc64867995660bd527b719834eb59b885292c55bc6,DEVELOPMENT,random_64_64_10,random,random-64-64-20,fallback_same_family,16,True,canonical_public_benchmark_map,movingai_official_even,True,True,True,1.00176366843,1545.9543718025088,0.0,1545.9543718025088,False,False,True,True,1.00176366843,1648.9814380183816,0.0,1648.9814380183816,False,False,True,True,1.00176366843,248.26830066740513,15.325724667705158,263.5940253351103,False,False,True,False,False,0.0,0.0,-1282.3603464673986,True,False,False,0.0,0.0,-1385.3874126832714,True,False,False,0.0,0.0,103.02706621587276
g567_gate3b_development_00450,1e12fd8eb451a4a9f6af605f5c1bf50d5f30b7f13b0fe02a533d48d62208b4ec,DEVELOPMENT,random_64_64_10,random,random-64-64-20,fallback_same_family,80,False,canonical_public_benchmark_map,czr004_derived_on_public_parent_map,True,True,True,1.04383068148,911.4502873271704,0.0,911.4502873271704,False,False,True,True,1.02701891324,1385.1068979129195,0.0,1385.1068979129195,False,False,True,True,1.0210147103,1038.4112326428294,15.325724667705158,1053.7369573105345,False,False,True,False,False,0.021857923497372464,0.0,142.28666998336416,True,False,False,0.005846243786356579,0.0,-331.369940602385,True,False,False,0.016105838368501803,0.0,473.65661058574915
g567_gate3b_development_00451,d0f61640e8fad3f103baf888c67e51408412db952a70929ad70c32c9a644f813,DEVELOPMENT,random_64_64_10,random,random-64-64-20,fallback_same_family,80,False,canonical_public_benchmark_map,czr004_derived_on_public_parent_map,True,True,True,1.03395638629,1039.9994207546115,0.0,1039.9994207546115,False,False,True,True,1.02274143302,1072.377354837954,0.0,1072.377354837954,False,False,True,True,1.01838006231,1032.3386704549193,15.325724667705158,1047.6643951226245,False,False,True,False,False,0.015064778540505487,0.0,7.664974368012963,True,False,False,0.00426439231773531,0.0,-24.71295971532959,True,False,False,0.010846640553419416,0.0,32.37793408334255
g567_gate3b_development_00452,8b603c1ed528bc1f31fca30dbf0843bdfc1bd8e49873e1fd1d9f9317152b1b59,DEVELOPMENT,random_64_64_10,random,random-64-64-20,fallback_same_family,80,False,canonical_public_benchmark_map,czr004_derived_on_public_parent_map,True,True,True,1.03377386197,1171.696238219738,0.0,1171.696238219738,False,False,True,True,1.03230543319,1420.8810301497579,0.0,1420.8810301497579,False,False,True,True,1.02173274596,1029.4929696246982,15.325724667705158,1044.8186942924033,False,False,True,False,False,0.011647727276692792,0.0,-126.87754392733473,True,False,False,0.010241820773265152,0.0,-376.0623358573546,True,False,False,0.0014204545442867956,0.0,249.18479193001986
g567_gate3b_development_00453,b91a4329b059784710b48791dcdd8a4a8ec29381bb9c0933f18141284dd72810,DEVELOPMENT,random_64_64_10,random,random-64-64-20,fallback_same_family,512,False,canonical_public_benchmark_map,czr004_derived_on_public_parent_map,True,True,True,1.15339032886,3582.5345665216446,0.0,3582.5345665216446,False,False,True,True,1.14646944407,5547.040486708283,0.0,5547.040486708283,False,False,True,True,1.16098973176,5396.805625408888,15.325724667705158,5412.131350076593,False,False,True,False,False,-0.006588752055439131,0.006588752055439131,1829.5967835549482,True,False,False,-0.01266521996299567,0.01266521996299567,-134.90913663169067,True,False,False,0.006000470627181786,0.0,1964.5059201866388
g567_gate3b_development_00454,dec43751cc426fad223f10df2fb719d5623031c1c0dbfc429cd91c68d2080cca,DEVELOPMENT,random_64_64_10,random,random-64-64-20,fallback_same_family,512,False,canonical_public_benchmark_map,czr004_derived_on_public_parent_map,True,True,True,1.16236358797,3657.7625749632716,0.0,3657.7625749632716,False,False,True,True,1.14639339899,5930.256973020732,0.0,5930.256973020732,False,False,True,True,1.15517700293,5529.771940782666,15.325724667705158,5545.097665450371,False,False,True,False,False,0.006182734141346502,0.0,1887.3350904870995,True,False,False,-0.007661945670429157,0.007661945670429157,-385.1593075703613,True,False,False,0.013739409204903892,0.0,2272.494398057461
g567_gate3b_development_00455,e425055a8551306ddfa57a6c9dac852edd16daa36c3699cdf41607023e33114b,DEVELOPMENT,random_64_64_10,random,random-64-64-20,fallback_same_family,512,False,canonical_public_benchmark_map,czr004_derived_on_public_parent_map,True,True,True,1.16969466375,3629.055291414261,0.0,3629.055291414261,False,False,True,True,1.15547417483,5549.366869032383,0.0,5549.366869032383,False,False,True,True,1.15823266432,5557.891495525837,15.325724667705158,5573.217220193542,False,False,True,False,False,0.009799138001752755,0.0,1944.161928779281,True,False,False,-0.0023873224950319394,0.0023873224950319394,23.85035116115887,True,False,False,0.012157436774491022,0.0,1920.311577618122
g567_gate3b_development_00466,5252f76f5712abef02d8ff5dbe32f1441006b9b3851872e8a4dde044aebedce9,DEVELOPMENT,random_64_64_10,random,random-64-64-20,fallback_same_family,1000,False,canonical_public_benchmark_map,czr004_derived_on_public_parent_map,True,True,True,1.33460677713,7656.351528130472,0.0,7656.351528130472,False,False,True,True,1.34242828402,11215.42320214212,0.0,11215.42320214212,False,False,True,True,1.3633383819,10848.890042863786,15.325724667705158,10864.215767531492,False,False,True,False,False,-0.021528142417938028,0.021528142417938028,3207.8642394010203,True,False,False,-0.015576323986100224,0.015576323986100224,-351.2074346106274,True,False,False,-0.005860532873075587,0.005860532873075587,3559.0716740116477
g567_gate3b_development_00467,88f9398c9e1cfaafc84a8648de3b87f5722f294a5b4cf0b10b6907a490fe4c59,DEVELOPMENT,random_64_64_10,random,random-64-64-20,fallback_same_family,1000,False,canonical_public_benchmark_map,czr004_derived_on_public_parent_map,True,True,True,1.33018890117,7952.131265774369,0.0,7952.131265774369,False,False,True,True,1.32129666659,11635.141902603209,0.0,11635.141902603209,False,False,True,True,1.35813592416,11355.903945863247,15.325724667705158,11371.229670530953,False,False,True,False,False,-0.021009815196487026,0.021009815196487026,3419.0984047565835,True,False,False,-0.027881140172006,0.027881140172006,-263.9122320722563,True,False,False,0.0066849411930732785,0.0,3683.01063682884
g567_gate3b_development_00468,f0114b70571884e499d3c4b2974fda433ef9d225a932a19a04e763deb81d1763,DEVELOPMENT,random_64_64_10,random,random-64-64-20,fallback_same_family,1000,False,canonical_public_benchmark_map,czr004_derived_on_public_parent_map,True,True,True,1.3363522429,7621.169778518379,0.0,7621.169778518379,False,False,True,True,1.34574002696,12220.974689349532,0.0,12220.974689349532,False,False,True,True,1.36829908487,11653.757564723492,15.325724667705158,11669.083289391197,False,False,True,False,False,-0.023906003929527263,0.023906003929527263,4047.9135108728187,True,False,False,-0.016763310489441702,0.016763310489441702,-551.8913999583347,True,False,False,-0.007024932318463839,0.007024932318463839,4599.804910831153
g567_gate3b_development_00469,d4f26f86b67d555f87e0bce6392a17cc043538ff1a329293e4aa3ccc5199b6c8,DEVELOPMENT,random_64_64_10,random,random-64-64-20,fallback_same_family,1500,False,canonical_public_benchmark_map,czr004_derived_on_public_parent_map,True,True,True,1.5657845404,11059.058841317892,0.0,11059.058841317892,False,False,True,True,1.59513841155,16499.049755744636,0.0,16499.049755744636,False,False,True,True,1.64720677373,16893.042626790702,15.325724667705158,16908.368351458408,False,False,True,False,False,-0.052000917897171046,0.052000917897171046,5849.309510140516,True,False,False,-0.032641908566044146,0.032641908566044146,409.3185957137721,True,False,False,-0.018747069212026627,0.018747069212026627,5439.990914426744
g567_gate3b_development_00470,2b219d0874132c5fa8150bf3ce87b1f3067e10c4eecd49345e78263c40a2bf66,DEVELOPMENT,random_64_64_10,random,random-64-64-20,fallback_same_family,1500,False,canonical_public_benchmark_map,czr004_derived_on_public_parent_map,True,True,True,1.53795756911,11681.807739660144,0.0,11681.807739660144,False,False,True,True,1.56229429671,16309.232375584543,0.0,16309.232375584543,False,False,True,True,1.60735200952,18291.65017977357,15.325724667705158,18306.975904441275,False,False,True,False,False,-0.04512116706194815,0.04512116706194815,6625.168164781131,True,False,False,-0.02884073308395611,0.02884073308395611,1997.7435288567322,True,False,False,-0.015824056585698493,0.015824056585698493,4627.424635924399
g567_gate3b_development_00471,a2808a332cc9e2318e4d262197992dbe6555dde3b0c00c9ce109e59c1298a6d9,DEVELOPMENT,random_64_64_10,random,random-64-64-20,fallback_same_family,1500,False,canonical_public_benchmark_map,czr004_derived_on_public_parent_map,True,True,True,1.54932670898,11077.381510287523,0.0,11077.381510287523,False,False,True,True,1.5683060937,16905.658818781376,0.0,16905.658818781376,False,False,True,True,1.62712249504,17560.976647771895,15.325724667705158,17576.3023724396,False,False,True,False,False,-0.05021264114862961,0.05021264114862961,6498.9208621520775,True,False,False,-0.0375031389447952,0.0375031389447952,670.6435536582248,True,False,False,-0.01225008554360689,0.01225008554360689,5828.277308493853
g567_gate3b_development_00472,5c3cf69a95169bc2e1f96213c3dcb02710a69c04c85975f48293d3805dbc5ae6,DEVELOPMENT,random_64_64_10,random,random-64-64-20,fallback_same_family,1500,False,canonical_public_benchmark_map,czr004_derived_on_public_parent_map,True,True,True,1.56320826183,11423.192356713116,0.0,11423.192356713116,False,False,True,True,1.56994882736,16241.880184970796,0.0,16241.880184970796,False,False,True,True,1.64693969049,18857.59135428816,15.325724667705158,18872.917078955867,False,False,True,False,False,-0.053563834521945346,0.053563834521945346,7449.72472224275,True,False,False,-0.04904036474836355,0.04904036474836355,2631.0368939850705,True,False,False,-0.004312007359856796,0.004312007359856796,4818.68782825768
g567_gate3b_development_00473,751c82cf079394f3afaf997e5fca2c316efdf684bee3f03a8007e4a8083145a3,DEVELOPMENT,random_64_64_10,random,random-64-64-20,fallback_same_family,1500,False,canonical_public_benchmark_map,czr004_derived_on_public_parent_map,True,True,True,1.55112288592,11367.637092247605,0.0,11367.637092247605,False,False,True,True,1.58618033948,16360.609577968717,0.0,16360.609577968717,False,False,True,True,1.64534364314,16355.041973292828,15.325724667705158,16370.367697960533,False,False,True,False,False,-0.0607435800704571,0.0607435800704571,5002.730605712928,True,False,False,-0.03729922896371007,0.03729922896371007,9.758119991816784,True,False,False,-0.02260133860329634,0.02260133860329634,4992.972485721111
